500000
1.e-08
30
1
-100
100
 71.85620878043576  -72.12797435258311  -61.47901728241436  -72.01530585088054   75.86184823859517   61.11621893021863  -69.70200992698295   67.52272872014119   75.12832429042284  -77.60744566503546  -66.45579813755147  -74.78846319903143  -62.25207340073761   79.41975627726467   78.86811582698473   61.0256345899788    77.39735975858476  -72.0995350006153    69.78189851392307   73.79913414763446  -76.20587286459059   67.65542291908199   61.96148271493262  -70.90918495341496   79.9877040964559    74.27130739429633   61.232226145650884  68.1697846341009   -67.15696196701046   73.50768280933322 
-843.1467206698693
54528.8229153262    60160.32443423162     331.2594684501386 26129.712697788716  52937.64835539326   73397.93046150655   74248.97647553433   15611.3065899203    15767.044916696468  39719.59455009045   39973.33904865299   11101.257246967576    328.2978930074959 61268.24511995869    2250.4025924026228 73728.00330224122   50400.50404035003   81055.12258825381   70965.5544078353    89997.36776950583   57473.899705273536   5345.7425246597495  2667.699294906295  53444.20320543195   55963.357865413906  72970.66881020382   81128.31678253584   42026.36206502205   25003.398511178253  53530.90093957147  
0.3 0.3
50 50 50 50
1
 9.9595954338751878e-11  1.2178623520077043e-03  6.6913037848126487e-04  2.4521991333035609e-03  1.0358039340287900e-02  6.1674343405015552e-04  1.2520157903759235e-03 -1.4432128746561888e-02  2.8143804967655402e-03 -4.9383968465231978e-02  6.2592798500411634e-02 -6.2406300107109049e-03 -1.4006277579649777e-02 -8.6899940215522276e-02 -1.7691292596478839e-01 -5.6805563782925401e-02  1.5918429561820279e-02 -1.9735938815382284e-01 -7.9979951187639717e-03 -1.2471348375084701e-01 -3.4364396558440663e-01  1.1355755809459318e-01  3.7593469531156115e-01 -2.1873156846742206e-01 -5.1916269751071054e-01 -3.1052688151227065e-01 -3.7761991233389219e-01 -1.2182380070031938e-01 -1.6191825812980173e-01 -1.6250402289506310e-01
  0.0000000000000000e+00 -5.0854767840697777e-04 -2.7900377743646476e-04 -1.0208792584890519e-03 -5.0001225960703260e-03 -5.3602992921072956e-04  4.9066175741858205e-04  7.8424822682133175e-03  3.2337912698857682e-04  2.4600174131285325e-02 -6.9674804081524778e-03 -5.5029294249124708e-03 -1.3489443880210361e-02  9.2825589484801015e-03  1.1302982702146011e-01  1.2736764227359984e-01 -3.6419377526829867e-02 -3.0031897967323107e-01 -1.4767189085540416e-01  1.1733047458148191e-01 -1.1540247955756736e-01 -5.0931687541120418e-01 -3.4348436915457742e-01  2.8249524135723035e-02 -2.4283232243315556e-01 -1.5883183579748372e-01  2.4256102196063592e-01  1.0349831862389104e-01  1.2180834353719332e-01 -5.3177884212640514e-01
  8.5090679371614921e-11 -3.1267308845170710e-03 -1.7208201990236793e-03 -6.3179074939742072e-03 -2.8372250021935002e-03 -1.1686827347775776e-03 -1.0528862232788492e-02 -2.1987817492805468e-03 -2.4819752495629354e-03  4.7766436979414448e-02 -1.5594083198754641e-01  2.5017207004949957e-02 -1.5475085742420614e-02  1.0752991745877949e-01  1.3208145389670944e-01 -3.9790579829068695e-02 -3.9692565962922352e-02  4.8574259093001448e-01  2.6558615193750129e-01  1.3309109224443558e-01  1.9269888325352819e-01  1.0139537016407908e-01  5.8496644836202878e-02 -5.0000412828779017e-01  1.3224901657779174e-02 -2.7676174671450865e-01  1.2602020172177259e-02 -5.2315210373650209e-02  3.4243815987852672e-01 -3.4382853106820294e-01
  0.0000000000000000e+00  0.0000000000000000e+00 -1.6631858908014415e-07 -1.2605046099564022e-06 -9.1928660969653926e-06  1.3714714630440864e-04 -4.1086880363696941e-04 -3.0280408266393928e-04 -4.9117914369919049e-03  7.7810542734080171e-04 -3.5407711371385063e-02 -6.9636217075269040e-03  4.1694091576118482e-02  2.7962544884541064e-02  4.0339235937621619e-03 -5.1866716757289259e-02  3.3802937533092103e-02 -2.7935435136212516e-01 -3.3713769054852222e-01  5.7829717440132389e-01 -9.3701867513185877e-02  1.5822084725056620e-01  2.2317670712496393e-01 -1.7612394652826599e-01 -6.6271041467901665e-02  3.0855544158117221e-01  5.8800980164619397e-03 -4.9894392556840889e-02  4.8418897594873356e-01  1.2236200132634288e-01
 -3.1360268108283224e-11 -1.7323928520749129e-03 -9.5301619695716292e-04 -3.4972820853105008e-03 -5.9481471777230897e-03 -6.2979165161644048e-04 -4.6209544997860832e-03  6.0162823290681048e-03 -1.3538343492964908e-02  4.6100324687775841e-02 -1.6894508877446879e-01  1.7635760753953317e-02  8.8277577501880158e-02  5.5798170266804434e-02 -2.6115703112038946e-01 -3.8010101049334466e-01  9.5522947408072535e-03  1.4475289329487304e-01  2.0687381976694347e-01  2.0570095227486931e-01 -1.1017448109573204e-01 -2.7401473278835381e-01 -8.9083730176541295e-02  2.6273682830762335e-01  1.1308994197449730e-01  3.1247417324899635e-01 -4.1959836045757387e-01 -3.2772314344655373e-01 -1.6173063054534226e-02 -2.8397676317878456e-01
 -1.7767701497174841e-10  8.8561332334308163e-04  4.8728915753308929e-04  1.7886397902523046e-03 -3.5834345008786649e-03  7.8764521463056062e-04  2.7658399658223019e-03  6.5475771548545334e-03 -9.7155877883172044e-03  8.2066770769903126e-05 -2.2955662840486116e-02 -5.5898639292786260e-02  1.0602218350732341e-01  1.0372893573073774e-01  2.5558835479256765e-02 -4.1121657371751025e-02  5.4702084397129334e-02  3.6337875749397991e-01  1.7060087463843462e-01  3.2873186123773990e-01 -1.1140038493042204e-01  1.7575901072855396e-01  6.5847647016737260e-02  2.4289560461128434e-01 -5.2212965489481344e-01  2.1719971749961453e-01  3.3284558200515196e-01  2.8171593765409420e-01 -2.8436392568607405e-01 -4.6818292779620761e-02
 -4.6037170781226760e-10  2.2946767661173330e-03  1.2635423952375377e-03  4.6417050729952837e-03 -1.6612703990660539e-02  1.8692424705468301e-03  9.3656480391683759e-03  2.8707907674487932e-02 -7.0499152466877726e-04  1.2230742942935597e-02  1.2276484891266559e-01  4.3560390673660972e-02  5.6604079107787683e-02 -5.3801965953013960e-02 -1.4750988022986716e-02 -2.9909404748512367e-02  1.2604275682363400e-01  3.4644318923670696e-02 -3.1154151708580052e-01  2.5798326828246748e-01  1.5496175592248997e-02  1.1052700172870890e-01 -2.8077720080521279e-01 -5.0021346320868210e-01  1.9018692080080338e-01  1.1427156348186096e-01 -3.0091092639175400e-02 -7.6939976452098713e-02 -6.1300437832903443e-01 -1.4288378255161410e-01
 -2.3146527336897988e-08  5.6092252310262355e-04  3.1222923904713080e-04  1.1599637073972944e-03 -1.1021897473319929e-02 -1.7166918372247849e-03  1.0432998535611573e-02  2.3969551575614673e-02  5.7795675721864634e-03  4.2751482667016741e-02  6.8047641758569422e-02  5.2837467594605100e-02 -7.2289502670513803e-02  1.1291271837399987e-01  3.0407466201267391e-01  8.8711407114459670e-02  7.7683365272002855e-02  8.9804732637575713e-02  7.0344069563147357e-02  3.0373851435683336e-01 -1.2775032254480337e-01 -7.4158301070578025e-02 -3.6917013453214348e-01  6.1698403710770719e-02 -8.5499104919205773e-02 -2.6212610108966827e-01 -5.5938551996335251e-01  2.9114054863236316e-01  4.0625339484738343e-02  3.5076694652256141e-01
  8.9189481003369089e-10 -4.2496190513308229e-03 -2.3388170337829395e-03 -8.5869246570828856e-03  4.6838703129332606e-03 -2.2887809731707183e-03 -1.4574257811805585e-02 -1.5040704991701407e-02  1.8170076621383299e-02  3.6894186066159719e-02 -1.2434043967097302e-01  7.2259284385093658e-02 -1.8458029374288404e-01  3.3775109035836279e-03  2.4386609450885113e-01  1.2145225461660855e-01 -1.0695629852550993e-01  1.3107940329271889e-01 -1.0498426961991630e-01  2.7528761315334899e-01 -4.4674627588467064e-01 -3.2419179348664035e-02  3.4769595062167863e-01  2.5391024854457889e-01  4.0294019659554120e-01 -3.2767107174534171e-01  1.6210315537063391e-01 -1.8241397701440981e-01 -1.8498125176449104e-01 -6.1959568105303842e-02
  3.0880956339482157e-07 -1.0399413555815931e-02 -5.7588668049519528e-03 -2.1278757422480064e-02 -5.8974067828270742e-02  2.9175106622972846e-02 -1.2058049091938074e-01 -1.8569177050546191e-02  7.5797410539799395e-02 -4.0387989956965596e-02 -1.2199170508583597e-01  1.2047035575980554e-01  2.1052178702154090e-01 -1.2859368525949913e-01  2.0521005181654142e-01  2.6451582889219466e-01  4.5638082676768423e-02 -9.9449223298045106e-02  4.4885923230150598e-01 -1.4356544654062767e-01 -4.7638272573628770e-01 -1.4374127361166184e-01  1.7285086205143685e-02 -3.3462938580632900e-01  1.0294622835675500e-01  3.8988612368397729e-01  3.4315862354308523e-02  8.1171802182423661e-02  1.1932650011896244e-02  7.7659569616242041e-02
 -6.4946171649245794e-08  1.2084231997004320e-02  6.6576283081905639e-03  2.4469637139447629e-02  2.3434056367871686e-02 -2.2052016988467400e-03  5.7759582307077215e-02  7.4599837533948898e-03 -5.5917446077109689e-02 -1.3330738340490716e-01  3.2498646441892631e-01 -2.1013356710983974e-01  3.0708387266670495e-01  6.3321114753066689e-04 -2.7350925150720673e-01 -3.6299102097774393e-02  2.0052188533560186e-01 -7.0400586049320604e-02  1.0819590684854245e-01  7.3280443475181659e-02 -1.3188569305613632e-01  1.4237814400746993e-01  1.1110835435884751e-01  8.0667255081377481e-02  3.9032007475735653e-01 -1.4406671267953847e-01 -6.2951809217654364e-02  5.1565838437770251e-01  1.0305228818919546e-01 -2.8603972396217014e-01
  0.0000000000000000e+00 -5.5800445800418012e-03 -3.0750771680683065e-03 -1.1305601760111996e-02 -2.2060353121054425e-02  2.6338393381031919e-03 -2.8813446174798602e-02  1.0140366355344954e-02  1.4639028346434622e-02  8.3846985718498288e-02 -2.3287550919929423e-01  1.2492024354466649e-01 -5.7272711219010144e-03 -8.8057745734829343e-02 -3.9555897354499381e-01 -4.4848893307816584e-01 -6.9682390659021570e-02  1.0514443114159652e-01 -9.0729360684971866e-02  5.0859309013526087e-03 -1.9697576522254648e-01 -3.3600287285089309e-01 -2.0797325585143939e-02 -2.3479593460263681e-01  2.6924212911079545e-02 -2.1736389918861063e-01  2.4178469028915112e-01  2.8308705050215466e-01  1.2363581861852815e-02  3.7118379243293564e-01
  1.6610886156896576e-06  2.1589932049493042e-03  1.1937911065776437e-03  4.4184644535360910e-03  1.0754736616078229e-02 -4.8730641068018979e-03  2.1760764272842244e-02  3.1694336777029260e-03  3.0293807721127882e-02 -8.3155754891431188e-03  2.2767899224917554e-02  4.5667918857459314e-02 -1.9998013008070059e-01 -2.1547994479945942e-01 -4.7255231175872249e-02 -1.7426603793465831e-01  2.9466748743369625e-01  9.5536959104528529e-02 -4.4369887358092948e-02 -1.6395517163437004e-01 -4.1877073920609792e-01  4.5363807133109224e-01 -4.7379481898523984e-01  1.0015598596748895e-01 -2.3659135645376288e-02 -4.5289096452503272e-02  1.6247632316802832e-01 -1.9139666723350235e-01  2.5853171855941010e-01 -6.1474238394331138e-02
 -3.4119028672635528e-04  5.1078513902691976e-02  2.8377774928164515e-02  1.0237834233763064e-01  4.0069683321708162e-02 -1.1764232272421998e-01  4.9985576874620408e-01  3.3154413174674985e-01 -4.7303344452734805e-02  5.9767799044220637e-02 -1.5599526221842330e-01  2.2960385536976838e-01 -2.4991177325356387e-01  1.5712057660725343e-01 -1.3749133617913506e-01  1.1768805207539063e-02  8.7389855047848422e-02 -3.8517082500623329e-01  4.1928879512142392e-01  1.7002219407493588e-01  9.6875971626129195e-02  1.3119735238799449e-01 -2.3347727974017296e-02 -3.5030057960201845e-02  4.9750899492611668e-02 -7.2460545249423039e-02  1.1205492142501401e-01 -5.4927455322319012e-03 -1.1085146026597339e-01  1.2646828767503169e-02
  3.3382727547913389e-04 -4.9976220880327854e-02 -2.7715156708914085e-02 -9.9757213495334340e-02 -2.1845806070173207e-01  8.6573148724681637e-02 -4.4533691449480289e-01 -2.6476935883796033e-02  2.7392269685740905e-01  9.8807711333001799e-02 -2.0897476741052390e-01 -1.9203352576586402e-01  1.5129379961324393e-01  5.4036580543199542e-01 -1.8348335589038434e-01  5.2105253171327900e-02 -3.0963410962785889e-02 -2.5262229192625174e-01  1.0934614748746523e-01  3.7961599237282435e-02 -2.4603131478866200e-02  2.1861530293082748e-01 -1.6361147294217357e-01  1.0480880740153586e-02  3.5295663151944226e-02 -1.8289713540411662e-01  8.0565731489158215e-02 -1.1853656258815744e-01 -6.7600423871792367e-02  5.1653544253854614e-02
  0.0000000000000000e+00  3.7301800420901270e-03  2.0606479412588509e-03  7.5964786100726428e-03 -9.9892224610042477e-02  3.5999457137758182e-03  2.9736264422730647e-02  1.6036601024560432e-01 -8.5671560419356391e-02  2.4692225529884462e-01 -8.1002213339288417e-04  1.2234781597866935e-01  6.6692633154696090e-01 -3.7449290334737628e-01  1.0871928235253290e-02  9.5869575469854307e-02  1.4540137218436844e-01 -2.3627403458191643e-02  6.9075395511287468e-02  1.4705035883510484e-01  1.3352380823089460e-01 -2.8526220894233840e-03 -3.8380202143129309e-02  1.1893210707079747e-01 -6.4924513529342004e-02 -2.8819736533263823e-01  9.0899757753160712e-02 -2.9760448401420719e-01  1.8873183540910460e-02  1.4034437909569147e-01
  3.2692810490122381e-04  1.2927814588175846e-02  7.0218232655175333e-03  2.8069855397423224e-02  1.6992822399786853e-01 -3.7253624155787904e-03  4.8786341387614125e-02 -1.8126848202145884e-01 -2.6483620932324164e-01 -3.2020599831668589e-01  3.2764776539841439e-01  3.8421067928131980e-01  1.8673478762172654e-01  5.2416118067609319e-01 -2.8532415797279224e-02 -8.9372910321961537e-03  2.1509799797841112e-01  8.1714690153519093e-02 -2.1440302282950113e-02 -5.6752951348497116e-02 -9.6787656090192270e-02 -1.5652462326141481e-01  3.0101388061485037e-03 -3.7709784457147427e-02 -3.6451786660716995e-02 -5.7299929591588680e-02  1.3730114936645602e-01 -2.4870858896335546e-01  5.4204851873241568e-02  1.2859324399143107e-01
 -3.3935363569609890e-05  3.0297110529839597e-03  1.6868418715012513e-03  6.0041107463961567e-03 -7.2947809732888419e-02 -1.7754643300435917e-03 -3.2575612752076162e-02  7.3570440417490626e-02  2.1090588415960321e-01 -3.3872380170230459e-01 -4.1898398024880767e-01  5.2636349013238903e-01  9.3372028108610089e-02 -4.5951637230895237e-02 -2.2781477093440822e-01  3.2267039420078469e-01  5.6796628050007167e-02  1.2319028470265908e-01 -2.6361836259093913e-01 -4.5844131383452009e-02  8.2880827212142558e-02  1.1214293281616738e-01 -5.0759834644021192e-03  1.2790747435799527e-01 -1.5419028644244298e-03  1.4095278314126922e-02 -1.5540775353718503e-01  1.9440224202182496e-01  2.6461169757510585e-02 -1.4426478382854449e-01
  9.9610288542459562e-06  7.5413308701591554e-03  4.1310436532600130e-03  1.5168310223875723e-02  2.4328943477014758e-01 -2.8681448689143268e-03  2.9873393647412419e-03 -3.3983563845890757e-01 -8.7011145922090277e-02 -5.9768917610314187e-01 -3.6945310424747718e-01 -3.2105270750961756e-01  4.2211390943281774e-02 -2.1169396204730395e-01  9.0742194343515020e-02 -8.3748504003460247e-02  1.1589111898049477e-01 -1.5576432486939257e-01  1.5390988528691998e-01  1.6021736517687474e-01  1.2533237857024401e-01 -1.9344579389751824e-03 -8.2874064331321509e-02 -9.3136545750848957e-03  5.7057919035278539e-04 -1.4744249383512090e-01  4.5486359377772713e-02 -8.6577588491114493e-02 -9.4527616353628968e-02  9.3943045674292416e-02
 -1.0921616719753986e-03 -2.0335475139098155e-02 -1.1052813061918298e-02 -4.9349444773724299e-02  1.0974321279805561e-01  1.4102076289497406e-01 -2.8485468442050388e-01 -5.1626838369906070e-01 -3.0239847472815270e-02  2.7468775714986599e-01  6.9433877176289349e-02  4.8291618402154979e-01 -1.1042102267062941e-01 -1.5834422456116745e-01  1.0095537964881134e-01 -2.1695456043766440e-01  4.4571850428008437e-02 -2.4230758092588303e-01  1.7848543727197791e-01  9.0125795862411637e-02  1.8102378397196645e-01  1.4104550173589137e-01  5.5358892115223747e-02  7.3264362300701963e-02  3.1975823988827819e-02 -2.2950570528851501e-02  4.3300501672110204e-03  1.6016738165181243e-01 -6.4156296111866504e-02 -1.2403872032863886e-01
  0.0000000000000000e+00 -3.7110225449414495e-02 -2.0268329360101780e-02 -7.4272171090036754e-02 -2.5184359039905574e-01 -8.6648748198516465e-02 -2.0080917319326191e-01  2.3163999768357435e-01  5.0632145579128274e-01 -3.9803913525761059e-01  4.2258529730375327e-01  1.3123261930588481e-01 -1.5297335438577347e-01 -1.9281312564778111e-01  4.6053219221993416e-02 -1.8124421054743761e-01  1.1838712177826716e-02 -1.1179645470476186e-02  1.8579957545569134e-01  1.6694889190882822e-01  1.2439350014452222e-01 -1.2487748505540601e-01  5.8525927694635230e-02  1.2580883113324922e-02 -2.0791617419559517e-02 -4.9633697051030351e-02  8.9586865930335394e-02 -1.0707318732100188e-01  1.4389818622030721e-02  4.1622841421985898e-02
 -2.4017063529918968e-02  1.2101105478620337e-01  7.2006032272436460e-02  1.0083573849678014e-01 -2.9738152541691221e-01 -2.4679157831694010e-01  7.9305408619719624e-03  1.6094022971358621e-01 -9.8043033754243350e-02 -1.0796217155785123e-01 -1.9124895104488293e-01  8.2114113975678291e-02  2.2507145153979133e-01  1.4923722688780233e-01  5.1441509800470753e-01 -5.0432197440072568e-01  1.3958033418475683e-02 -1.3942601517338496e-01 -1.4239757142117229e-01 -2.1611620676435689e-01 -4.3437758338634785e-03  1.0989467398061378e-01  7.1276021962052419e-02  3.2944888955630372e-02  2.3997520533536681e-02  1.2094816203285199e-02 -2.8398024046059532e-02  1.3695404284989887e-01 -4.3831407298565564e-02 -1.0273942656593894e-01
  5.9216604281947798e-02 -2.9836552399875699e-01 -1.7802509035676933e-01 -2.4675936335515905e-01  3.0574858390825332e-01  5.2811463391176372e-01 -2.1887906554623829e-01  5.2126050849112626e-01 -2.3112487077572982e-01 -9.8113005575094350e-02 -6.1606090080295405e-02  4.2270941012658547e-02 -2.9914745660016107e-02 -6.2650434204670092e-04  1.3255638894212374e-01 -1.3515456591250868e-01  7.1851742003871358e-02 -5.4161653679519826e-02 -1.1577264416589596e-02 -3.9445029858350356e-02  2.9777018131429096e-02  1.9100871753908909e-02  4.1761046017632253e-02  1.3697100181907503e-02  8.3633854185682626e-03  5.2989238282312992e-03 -6.8797722395371585e-03  5.2392614927513785e-02 -1.8605791417327770e-02 -3.6255885637791814e-02
  0.0000000000000000e+00  2.5676019932402000e-01  1.4095429679773161e-01  5.1391652622548523e-01 -1.7202806150813860e-01  5.6661019230878018e-01  3.8764768778950069e-02  2.6547964728324252e-03 -8.2980981484794519e-02 -1.6226007491578956e-01  9.4641940999867016e-02  5.2448033182805408e-02  5.1785515159644468e-02 -3.7411577028600457e-02 -3.1063182492972317e-02 -3.3725911259758733e-02 -4.5996547286576417e-01 -1.4452737045642278e-02  4.9330628034578154e-02  5.0152164864996789e-02 -5.5807306388060106e-02  1.0736676181033764e-01 -1.1875999688730947e-01  2.5893695604018200e-04  4.2217438892415123e-04 -1.5426865795297357e-02  1.0911456923771689e-02 -2.8085957541957217e-02  1.4319449233869378e-02  4.0663832697752393e-03
 -5.6540918418096713e-02 -1.2342857402359524e-01 -5.8809123339802913e-02 -5.8726372394772741e-01  2.0558327579178418e-02  1.0062547912735280e-01  4.5574186647022791e-01 -1.7405938145255023e-01  1.8730408784169322e-01 -7.7437428402119701e-02  6.1355238998411221e-02  6.8988170283100628e-02  2.2167032897463099e-01  3.5233029421818100e-02  5.8801365476985196e-02 -1.0388309363328607e-01 -4.7675702092135719e-01 -2.9122960818209233e-02 -1.0006050778376097e-02 -1.6196142961496553e-02 -8.3418626723443426e-02  1.4145716077737738e-01 -1.2075575037071484e-01  2.7463430398838935e-03  5.4505455809560734e-03 -9.6755207651171102e-03 -2.6509554165486376e-03 -1.3223611777114562e-03  8.4080373478073143e-03 -1.3613782581490258e-02
  2.5918418980093100e-01 -4.8419177592198626e-01 -3.3022239683132376e-01  5.1270877380964530e-01  3.1556086030103531e-01 -1.1237665572980998e-01  1.1637207738150178e-01 -5.1036706241429072e-02  3.6049327007631798e-01  6.7565464342529830e-02  7.9750896621317863e-03  1.3183114432093381e-02  1.6089591906592138e-01  5.8572962980098488e-02  8.7584114159871329e-02 -8.8530930792087292e-02 -1.0947948107904527e-01 -7.5458694697021827e-03 -4.1027533845167385e-02 -4.5386109068824301e-02 -3.3239176975106685e-02  3.4484805700126520e-02 -1.9443139070346862e-02  7.7113562020475002e-04  1.5713150254879861e-03 -2.5708613223455151e-03 -2.4085500857919055e-03  1.7793398988634598e-03  1.2523846055363381e-03 -6.8822600253447526e-03
  0.0000000000000000e+00  4.4333073918648401e-02  8.5978963477875768e-04  3.1014422980145573e-03 -2.0773059185745663e-01  5.1618094062901621e-01  3.5987869688579072e-01 -1.7610596300763801e-01  3.6196545452671014e-01  1.0713106058412226e-01 -8.3782215070749941e-02 -1.0287562659076711e-01 -1.8534491609251535e-02  8.7666015695186963e-02  1.2383840540664495e-01 -5.7356551982582875e-02  5.2354761678148620e-01  3.5003414132558003e-02 -8.2619557505500762e-02 -8.2189455976143161e-02  5.6117213633536930e-02 -1.5893076819230675e-01  1.5324859891221082e-01 -3.5704811102554605e-03 -7.2285512100801665e-03  6.3607384021032286e-03  4.1771641432907080e-03 -5.1517763780137048e-03 -8.1043294357412924e-03  1.1538794213744537e-02
  1.8403152879125767e-01  7.5583958594232625e-01 -3.5634161582573115e-01 -7.5836210881979310e-02  4.1198383937533878e-01 -1.6587729795458150e-02 -5.7641100959506898e-02  1.0656781576879039e-01  2.4529196750842935e-01  6.2705569200241937e-02  2.4071545886890063e-03  2.8678521572992111e-03  8.1438800942634032e-02  3.2147338222726675e-02  4.7424119497483729e-02 -4.3025357405862268e-02 -1.3500966630167945e-02 -8.9680178584176213e-04 -2.3740974667865664e-02 -2.5618648555542738e-02 -1.0597703574437270e-02  4.0658864850301969e-03  2.2274818181734629e-03  9.1447260266436245e-05  1.8486004315267348e-04 -7.3005295877676937e-04 -7.6556418475966681e-04  3.8447974994711289e-04 -6.3196772090141806e-06 -2.2689187975262447e-03
  9.4428497941293399e-01  0.0000000000000000e+00  1.6956469357535600e-01 -1.4306586079662420e-01 -1.9225725124635976e-01  7.9867220424338268e-04  2.0498905725434845e-02 -4.6176863554655397e-02 -1.2358517305029165e-01 -3.1586362631539862e-02 -1.1993259055597112e-05 -1.0361823054858420e-05 -3.9493292181489510e-02 -1.6895317189467105e-02 -2.4857717027621323e-02  2.1863993918622163e-02  3.0548401519515530e-06  0.0000000000000000e+00  1.2708645443964365e-02  1.3626268154645836e-02  4.5052165035733838e-03  3.5191475963071284e-07 -3.0200188204034780e-03  0.0000000000000000e+00  1.8719855282817316e-09  2.7767203979285951e-04  3.2381348980207878e-04 -1.2522864097757165e-04  1.0526710875825542e-04  9.6881524859575416e-04
  0.0000000000000000e+00  0.0000000000000000e+00 -8.2020512140499058e-01  0.0000000000000000e+00 -4.5303498654315127e-01  0.0000000000000000e+00  4.8122431120375946e-02 -1.1042581391844401e-01 -2.8952221516121990e-01 -7.3739781705395371e-02  0.0000000000000000e+00  0.0000000000000000e+00 -9.2580960917358568e-02 -3.9634195642584170e-02 -5.8314167737005089e-02  5.1292521843322336e-02  0.0000000000000000e+00  0.0000000000000000e+00  2.9814217085788363e-02  3.1967000002779571e-02  1.0570134923248303e-02  0.0000000000000000e+00 -7.0835557776938902e-03  0.0000000000000000e+00  0.0000000000000000e+00  6.5130886144139811e-04  7.5955468754293444e-04 -2.9374317088297884e-04  2.4688740491476366e-04  2.2725097750370218e-03
-843.1467206698693
 71.85620878043576  -72.12797435258311  -61.47901728241436  -72.01530585088054   75.86184823859517   61.11621893021863  -69.70200992698295   67.52272872014119   75.12832429042284  -77.60744566503546  -66.45579813755147  -74.78846319903143  -62.25207340073761   79.41975627726467   78.86811582698473   61.0256345899788    77.39735975858476  -72.0995350006153    69.78189851392307   73.79913414763446  -76.20587286459059   67.65542291908199   61.96148271493262  -70.90918495341496   79.9877040964559    74.27130739429633   61.232226145650884  68.1697846341009   -67.15696196701046   73.50768280933322 
