500000
1.e-08
30
1
-100
100
-62.22711730337795  -62.91737619547997  -56.846174497732314 -61.545824860603524  58.28703061283691  -54.94188450885981  -55.71013985563181  -51.19492818740029   56.41948747725272  -63.67489125202272  -53.77686999768114   50.599133142787515 -57.558816127257955 -52.740547726373926  67.10236877006997  -51.894949835411296 -65.13985422922987  -52.82180541061585  -64.06391712663762  -62.57514467832661   53.212696996783976 -58.48309918864128   65.24767276176482   62.38485083127977   59.371670692608795 -68.69860125307967  -58.31079410600671   53.52152447246729  -66.0343133061805    61.221587789734315
-401.1469838398698
68535.28019277359   19269.256046165658  83970.63788163195   38127.75967768447   18848.21345722653   15960.10256293896   68526.97659244579   87142.6280134445    95113.96503332526   61728.51842128405   36554.081660385644  19765.147947849397  27752.007124196247  48405.75500463966    3406.4864175588627  2536.484245440895  80857.78560817153   32148.492808016686   6762.987316004442  73245.33918366405   83593.57927475603   35821.049071850764  99142.73759103437   70498.42566717183   27024.827825463704  61328.468576357125  37712.61829316933   14685.463822457694  12055.227103724053  42159.32039102534  
0.5 0.5
21.39678480183624  37.36560752346194  48.584526501807744 16.025432026117418
0.5
 6.1882140493786753e-08  7.9108347502246151e-05  1.0134740359386680e-04 -3.8471768517514500e-04  2.5302943708533717e-03 -1.6022052988680979e-02  8.9195021981145935e-03  1.2774543971982230e-02  7.3174257388980988e-04  4.5959227667922466e-02  5.6114334874064788e-02  7.4576027238631312e-02 -2.6303175665033102e-01  1.9585897838393016e-02 -1.6935498034564853e-01 -3.8780230245581954e-01  4.1094022688627346e-01  1.0039617890657208e-01 -2.1923374978995008e-01  2.5933364524379610e-01 -2.8054188444087500e-02 -1.1832812738352279e-01  3.6730254278616148e-02 -1.4479020147645838e-01  2.3936460367281583e-02  2.9275639984218449e-01  5.3338035894434954e-01  1.6359864508147162e-01 -1.0504941740676034e-01 -9.2433678545567003e-03
  7.7931022277838740e-07  3.7399264893899094e-04  6.8064901508109097e-04 -2.0136323447220669e-03 -1.2757427381273148e-03 -2.4331869259294446e-02  1.0110626931020701e-02  2.0620538193854551e-02 -2.3359744004146300e-03  4.7662293309377643e-02  1.3488910992846664e-01  2.4474384856515437e-02 -2.8903781234320952e-01 -5.5679290409689469e-02 -2.0794301642375071e-01  4.7392896903125209e-01  3.0225460072595950e-01  5.5186802761528507e-02  1.6839798708029724e-01  8.5856370332819856e-02  9.2934455362942661e-02 -1.7916672913068857e-01  3.3363845137260684e-01  4.4178658081664532e-02  1.8463784900432287e-01 -1.1972208537931509e-01 -1.8700652166031245e-01  3.7195591701598296e-01  1.1141507419108496e-01 -3.2405866529806071e-01
  7.3551738466034810e-06  3.6466471226555505e-03  2.2392679074993136e-03 -1.5442398647734244e-02 -5.3076154096939415e-02 -1.2257016506082611e-02 -2.8589519665673153e-02  1.8605543514037287e-02 -3.6266278901150750e-02  9.2586154991228603e-02  2.0304573652030430e-01 -1.0396248060687108e-01  2.5141091284338296e-01 -8.2136252095078077e-02 -3.0475142565970073e-02 -5.2740420913388167e-02 -3.0486166383620517e-01 -1.1737060701959189e-01 -1.2304480454673855e-01 -2.8265282788273649e-01  3.2145778793177920e-01 -5.5303994851392901e-01  2.4411882582454393e-02  1.1735465442079898e-01  7.0295270001022092e-02  3.0842484853465746e-01  3.9649517887594909e-02  3.4374721830864280e-01 -8.3124005709569085e-02  8.9489894281846769e-02
  0.0000000000000000e+00 -2.2980788734716111e-04 -2.3692959142632510e-04  1.0626553861055738e-03  6.1060651443183896e-03 -8.8680939182522404e-03  8.1396468622105048e-03  6.4321595446966686e-03  3.7027145132141372e-03  3.0586353951336482e-02  2.8882991853209580e-02  7.7085477290552956e-02 -1.1951651343182559e-01  4.9804984557066875e-02 -8.6911565111636252e-02  3.0594383628780697e-01 -7.4687502146998611e-02  9.4830637418563138e-02  3.5422520013713577e-01  3.3791168049981324e-01  3.2915825189099185e-01  1.9399845459438436e-01 -2.0278791206344485e-01  2.7512894431359836e-01 -2.5849962554424216e-01  2.5408904288946826e-01  8.8731896162196899e-02  8.7294566090177550e-02 -2.5521245403735415e-01  3.8090537864283652e-01
  3.6324874219301755e-06  1.8005217013742599e-03  1.1291847156772103e-03 -7.6471079664069616e-03 -2.6351944376815473e-02 -5.6891581000680282e-03 -1.4358387808749609e-02  8.4958811401749483e-03 -1.8326420829640606e-02  5.9641058486740152e-02  1.4134741398771355e-01 -3.1389428872188055e-02  1.5593812517132757e-02 -2.9691322206788356e-02 -1.2019791782635500e-01  2.3820375576878589e-01  1.0168132210939443e-01 -6.0420336280511362e-02 -8.8663575743436918e-02 -4.8746617602946664e-02  3.5362155040088900e-01 -1.3216537983560064e-01 -3.7110471988352689e-01 -1.0826611644720298e-02 -2.1698123094023986e-01  5.7917571892790183e-02  2.2873969685529702e-01 -4.8227704039158215e-01  2.5476789019295276e-01 -4.4376491567013282e-01
  2.4859574543658281e-06  6.3351106240282392e-04  1.0096680907847233e-03 -3.2793727242465646e-03 -3.6880769506520503e-03 -3.2399770331603558e-02  1.2402970281554578e-02  2.9217283777726363e-02 -3.3307497978200045e-03  2.4172216649124684e-02  2.1696003237806358e-01 -2.3589539828995955e-02  9.8369095008105062e-02 -5.0475689389844480e-02 -4.3290337709565592e-02  4.6505090417127792e-01  1.3424223239638428e-01  3.9673191836060388e-03 -3.4030561996236147e-01 -1.0698850479193643e-01 -4.3638905136202910e-01  8.6712986916024609e-02 -4.8491560708637076e-02 -3.7490898817926645e-02 -4.1646652364937545e-02  3.1549509069246606e-01  4.7061128810108661e-02  1.5826700093999928e-02  3.4431636968996432e-01  3.8733641987002376e-01
  3.7201602812611443e-07 -3.6097252227384888e-04 -5.4070352010844938e-04  1.8280597735529900e-03  5.1085377927198973e-03  6.7854348707573750e-03  5.5868556686184691e-04 -6.3995827042200174e-03  4.1381161887660348e-03  7.6883426912313066e-05 -6.3898372718595955e-02  4.0640455599863949e-02  4.7678668126320701e-03  4.9431221061426396e-02  3.5112609094620703e-02 -5.7237791165292824e-02 -6.1951983017001326e-02  4.6535371207247725e-02 -9.1375380680373663e-03  3.4897949355322222e-01  4.8075132848781926e-02 -4.1557400177407144e-01 -1.5365122501382335e-02 -3.5256623885255434e-01 -4.8870566665706994e-01 -3.2716450140953435e-01 -1.1370300369396022e-01  1.3177077638138926e-01  3.4622992324403401e-01  2.5237496533794695e-01
  0.0000000000000000e+00 -7.0365971104790581e-04 -1.2437781269950651e-03  3.7471303511332306e-03  1.1583304352369714e-03  5.1252224018807899e-02 -2.2026417223322953e-02 -4.2949284287978083e-02  4.2609150534125926e-03 -1.1026604744830310e-01 -2.2143675780319041e-01 -7.3059736371905729e-02  9.3503551541790159e-02  5.1527815066862047e-03  1.3064243883662624e-01  3.3648179068594497e-01 -9.0331619579873693e-02 -1.4212459449840975e-01  1.4853888844585658e-01  9.7957279267254796e-02 -1.0029735905706411e-01 -1.5050564212520307e-01  1.8338679994835153e-01 -6.0859575029390256e-01  7.9638973915049684e-03  3.1348935601391492e-01  7.1517026747153462e-02 -1.6490527043470865e-01 -3.8527073416519525e-01 -1.1657502165553187e-01
 -3.4336867635004082e-06  4.4274117217506389e-04 -5.0072078133364130e-04 -1.1202041480795897e-03 -1.6649284306285515e-02  4.7911816414680328e-02 -3.3213487381637451e-02 -4.3551916851562032e-02 -1.2606688309796204e-02  8.1788570608927469e-02 -2.0736127607779278e-01  1.6935635778459326e-01 -1.7975324022847325e-01  2.6675597650097926e-01 -1.6316112685225601e-01 -2.1150125690024755e-02  1.6196957868279743e-01 -1.5851294591484533e-02 -5.5127867620218408e-02 -2.5165148940872545e-01  3.9392439991038691e-01 -6.8790382775649778e-02  3.3947282306271070e-01 -8.5737733756537468e-02  2.0378425891819096e-01  5.7222915106462366e-02 -1.2104690255207390e-01 -3.9218338149584048e-01  1.3503884350854245e-01  4.2249948922339059e-01
  1.9864912051904468e-05  3.3850154995281562e-03  2.1829737537607547e-03 -1.4489948734417651e-02 -5.0794678767494529e-02  1.4061359709872166e-03 -3.0646209340175128e-02  1.4420566266695313e-02 -2.7284170918066463e-02 -1.0696132795834171e-01  2.9046208857903083e-01 -4.3480023085898506e-01  1.4439834804141670e-02 -4.8690021029251307e-01 -5.9856150074549266e-02 -7.8318751319784080e-02  1.8483148475555758e-01 -2.1668838633694054e-01  6.8031997770326827e-02  1.2214939170769451e-01  2.4294277787594842e-01  1.4942561273630880e-01 -1.0850289480713970e-01 -2.6749239296605765e-01  2.7042519606785709e-01 -1.9289623097064146e-01 -5.0009087627151727e-02 -6.2218523849451264e-02 -2.2762984585857883e-02  2.8438441423504557e-01
 -6.4961571181449284e-06 -1.3627056800513530e-03 -7.9374691604453375e-04  5.7453510291233106e-03  1.3196865347738049e-02  2.8683986418815755e-02 -5.4505592433865633e-03 -2.8423201993154935e-02  8.3989077008675053e-03 -6.0488885285760186e-02 -1.6599403445089797e-01 -7.8794234829154233e-04  5.6391336643669887e-03  5.3492094134844084e-02  5.3649418029649003e-02 -1.9611379686443667e-01  2.6925906417192547e-01 -1.2360916538227167e-01  3.8574392253934150e-02 -1.5531794442977556e-01  1.9035465623318029e-01  2.6762159007237513e-01 -2.3900487572776830e-01 -2.2551426439595204e-01 -1.8213692720961538e-01  4.3480055739173168e-01 -4.6148689884966648e-01  3.1672492027324256e-01  1.8929306334417878e-01 -1.4847286816474650e-01
 -1.4775395897973622e-07 -3.0994502671335974e-05 -2.0816055178247021e-05  1.3359745859588168e-04  6.3623811697989434e-03 -2.4030104159411574e-02  1.5064829941804437e-02  1.9305334653767370e-02  3.1130092294102837e-03  5.6661632142968398e-02  8.1982904676399626e-02  1.0614131997856409e-01 -1.9256330955777674e-02  7.5744478092131431e-02 -5.7692073901617957e-02 -7.1979579303156904e-02  3.3093336797642987e-02  1.2009352098608331e-01 -1.0454407585477153e-01  4.0872365820959666e-01 -1.6585569759185587e-01 -3.3984360877136111e-01 -3.4978744886691943e-01  8.6527540994298449e-02  3.7298704199833527e-01  1.7154991854003873e-01 -5.0043610202344224e-01 -2.4584021294912947e-01 -1.3110332285647813e-01 -2.2049678384719199e-03
  6.8756727773726436e-06  5.1259878534622161e-04  4.0388986374917597e-04 -2.2802206440291524e-03  2.0349260024218525e-03 -4.0036654845520367e-02  2.0190672761944535e-02  3.7841460340588398e-02  4.9771165218957438e-03 -1.1916163138870295e-01  1.3944539799764197e-01 -1.0438708227692099e-01  1.0939040190617176e-01 -1.9094338245657405e-01  6.7876615409991056e-02 -1.9112393562220223e-01 -1.6643581217989326e-01 -1.6733433293287053e-02  3.5010385020887470e-02  3.7438360609183691e-01  4.1492906447458060e-02  9.9055264514918515e-02  5.5999807738857976e-01  2.1236609974809229e-01 -1.2932628471308266e-01  3.6325051840011519e-01 -1.0745592372096770e-01 -2.3530499941090322e-01  2.9520443371706967e-01 -1.4171403559183693e-01
 -3.9391633427068002e-05 -4.3513596177758226e-03 -4.0887782319337408e-03  1.9909320758137186e-02  7.3484156648342139e-02 -2.3595282871733365e-02  5.3114991702544322e-02  1.2393512950375687e-02  4.6369684368674231e-02 -3.6223772693308898e-01 -2.4399729698979428e-01 -1.1285044230023711e-01 -1.1872339069948300e-01 -2.4065459119479646e-01  2.5197865582711459e-01  7.0920873403093360e-02  3.9406671937742910e-01 -1.4885393519858964e-01 -2.1968326019567364e-01 -1.0315911375039892e-01 -1.7522276154284831e-02 -2.7239357641188877e-01  5.0039493332157403e-02  3.7483546832417541e-01 -2.9487723565381441e-01 -4.0358492736630919e-02 -1.1111008205630178e-01 -1.0399293555466484e-01 -2.7004588940958535e-01  7.7082798976931793e-02
 -8.4637472545463435e-05  2.4515180397395183e-03  1.0796434728510758e-02 -1.8817026491456865e-02 -2.5575949278740170e-02 -2.8323990694666523e-01  7.2993202300555324e-02  1.5117140876832966e-01 -6.8473900275815763e-02  4.7144433940176041e-02  1.7501711279453672e-01  3.3006394151907442e-01 -1.2885536967706021e-01 -5.2002815898783646e-02 -3.5069546990172068e-01 -1.2448474854792005e-01 -3.8976970294966905e-02 -6.4804003174701030e-01  2.0628641466399017e-01 -8.7182180708866561e-02 -2.3839939942185409e-01 -4.3287794662626979e-02  1.5120730959140540e-02 -2.2752445607441586e-03 -1.8424998067537002e-01 -9.8612119254003743e-03 -6.8900452443867027e-02 -8.4222164034257349e-02 -9.6063919372083834e-02  2.2389402396352020e-02
  7.9219385021460169e-04  3.4259843935025222e-03  6.3211099839334969e-02 -7.6009195353339040e-02 -1.7090825634565993e-01 -1.1267817153659773e-01  2.4094266281263835e-03  2.2969134179130166e-04  2.9973651198056520e-02 -2.1578353313968160e-01  4.9764521488158092e-01  6.2434606361971332e-02  3.4075499314724889e-01  3.1887264574738383e-01 -1.1989758018937942e-01 -2.1631933287107667e-02  2.0653695802517508e-01  2.3502758108846841e-01 -1.5561095594328331e-01 -5.7326433086966819e-02  9.4648734696515940e-02  1.1555423605942181e-01  1.6554043072777314e-01 -1.1656746075396071e-01 -2.3996434282450274e-01 -1.2392742503180935e-01 -1.7153297069829906e-01 -4.4818582859203149e-02 -3.4999247820937557e-01 -3.2994062474119498e-02
 -2.7954968997631656e-04 -1.2251882315693649e-03 -2.1683883849542701e-02  2.6317813805722332e-02  7.2825124617305309e-02 -2.1536003411047937e-02  3.4047944308762790e-02  5.1345305107190764e-02 -9.6437816921196452e-03  2.5201060811313308e-01  1.4611548030853530e-01 -8.0697921097502123e-02 -5.1470734775234683e-01 -3.2932492264307517e-01 -7.4760218456971506e-02 -5.5485344763951373e-02 -2.6885963111133926e-01  3.7740065516209120e-01 -1.5551930546647505e-01 -2.4746288283216683e-01 -4.4618041448716658e-02  4.4577012212456045e-02  4.4016492358290429e-02 -1.6878934314193814e-01 -2.7326186497979738e-01  7.1059324892084968e-02 -2.1618822887382164e-01 -1.1194513960351932e-01 -2.0407588181816763e-01 -2.4054632896166678e-02
 -3.6278117055487297e-04 -1.5899685699399093e-03 -4.6695946973593826e-02  5.1936409695667991e-02  1.5673865145841781e-01 -1.3113511816999479e-01  1.0757405449512417e-01  1.6324423231547031e-01 -1.4322248586007535e-02 -4.7653505300155663e-02 -9.4089783478917832e-02  3.2586570153186611e-01 -1.5872625879212541e-02 -8.0128526287392671e-02  7.1791158559107254e-02  1.6090902867818649e-01 -2.2791914591591578e-01 -2.0301508055941073e-01 -6.1598496049579332e-01  2.4438611054358314e-01  3.0888496331076326e-01  2.5327555857186157e-01  2.6302347502874496e-02 -8.6996051786337528e-02  1.1265375275482663e-01 -1.1528011981530839e-01 -2.3192299295466377e-02  1.4497275993858752e-01 -8.9627768896816160e-02 -6.4716855750855756e-02
 -3.3701839455264229e-03 -1.4770575165484181e-02  1.9564406434811252e-01 -1.2566768600644018e-01 -2.3507828380276613e-01 -2.0723990728178734e-01  1.8287012543263769e-02 -1.9641736282682903e-01  2.0356079475452418e-01 -6.8686715218445271e-01 -6.3539212539246381e-02  1.4037888815278066e-01 -2.1403349445233097e-01 -9.2028577302630657e-02 -2.0431759073327729e-01 -1.0354186656929718e-05 -2.6178047814897054e-01  1.6755534160199331e-01  2.9792807843449218e-02 -8.4064277867127848e-02  5.8528019715263519e-03 -4.0185921420852123e-02 -1.2290704794184662e-01 -5.7108815771792339e-02  1.3021218693610315e-01  5.8458193975623900e-02  6.6772699504798708e-02  3.9090719899367188e-02  1.5691830807207963e-01  5.2302774238385738e-03
 -6.0585682200337242e-03 -2.4084466920382143e-03  1.9128321369538259e-01 -1.6214482341227918e-01 -3.7668674617731984e-01 -5.6283790058321759e-01 -4.5538574593421442e-02  6.3787720173321155e-02 -1.5065228090322721e-01  1.7504396637737499e-01  1.9756609352365524e-02 -2.5309854059607007e-01 -2.6104702358907972e-01  2.6272553833858059e-01  4.4786120682175562e-01  2.9809786354397790e-02 -1.1390766540713977e-02 -8.5240547855502932e-02 -3.7105288782826477e-02  4.3698078838974225e-02  3.4632889957631148e-02  1.2292986066341310e-02 -8.4318748850183579e-03  5.6910630627291818e-03  4.3584600514515841e-02  1.2535053853181370e-02  1.8467898218679852e-02  8.1667008972767189e-03  3.5063527239487566e-02  9.9253238420180293e-04
 -3.1280273460034147e-02 -4.3540639514488749e-02  3.9545146032553807e-01 -1.5431140393461348e-01 -2.8592479000397764e-01 -6.2014899753745932e-02 -2.5257342748204809e-01 -3.4583056690905367e-01  2.6354589958477265e-01  3.8654557128590605e-01 -2.5594472018387038e-01  1.1992023721175221e-01  2.3656313346648561e-01 -3.1727404266181630e-01 -1.8194749875675151e-01  2.6566277265001843e-02  8.7600168416413465e-02 -9.9405412228284439e-03 -1.2335376003680354e-01  8.3439349471426089e-02 -1.0061720189474663e-02  5.6563344793323422e-02  5.7212745638375279e-02  5.7124986889927752e-02 -7.9970806097766939e-02 -3.5804020439652744e-02 -5.1941392842676473e-02  6.3927099376951992e-03 -8.9947746561221828e-02 -2.1169357118940933e-02
 -6.0293958109988215e-02  5.0131120331674541e-03  1.7699076351566656e-01 -1.6675149233299610e-01  9.1146030709232023e-02  4.3080987851447622e-02  1.8618409999912802e-01  1.9272982716889336e-01  3.5286237578592744e-01  7.8561731899504550e-02  2.4878057546849555e-01  4.6985818730912565e-01  3.2442903627613998e-02 -2.2164641518380948e-01  5.0958449023217145e-01 -2.4349767464117027e-02  1.3575527376047686e-01  8.9912594567157389e-02  2.3081223727612457e-01 -1.0819467692677770e-01  6.9177341746278473e-02 -6.2689647408145852e-02 -1.1871149595027719e-02 -9.5802124071616424e-02  9.2496555668220237e-02  2.5926410263232346e-02  6.1980754100185054e-02 -4.5897652829657604e-02  6.5124115791714690e-02  4.9978442841931446e-02
  9.1895987728027262e-02  2.2227089827284219e-02 -2.8129004562605286e-01  1.5220081062063526e-01 -3.0049718470655784e-01 -2.9477740474885938e-01 -8.0886427226408972e-02  3.7334856558844864e-01 -3.5626776662756404e-01 -1.8778662204275910e-02 -2.4935920737071621e-01  2.2942691137296106e-01  2.6917699797855810e-01 -3.2299017230407162e-01 -5.9083587987048942e-02 -8.3706417370106470e-04  1.2169476515593163e-01  3.2286560993893804e-01  1.2298930342225603e-01 -6.1969886197245236e-02  1.6902353909470261e-02 -2.3495361532025277e-02 -9.2966051096293745e-03 -3.7557327513239036e-02  3.1473645354129005e-02  1.1594374650840041e-02  2.1943919531881843e-02 -1.7198923732517364e-02  2.6515222691739566e-02  1.7964822765697115e-02
  0.0000000000000000e+00 -9.1652029168934196e-02  1.3992304308265330e-01  2.6342920009481885e-01  6.0996782964013885e-01 -5.9530453515139758e-01  1.0836697016308784e-01 -2.7680947764673119e-01  1.0983594359231456e-02  4.1927906198997458e-02 -3.0211891720783052e-02 -6.6360090841694780e-02  1.7374687719427326e-01 -1.9010606941656245e-02 -4.9989302219363818e-02 -1.3113764497649713e-02  7.0428752179397688e-02  1.4565336364901685e-01  1.0553409346321811e-01 -4.8644963998335795e-02  3.5021213314582376e-02 -3.2355317007731088e-02  1.2085434295143354e-03 -4.1726187286521034e-02  3.8931744513618853e-02  6.9661405810426125e-03  2.7957958033307678e-02 -1.9627562166559961e-02  2.2934176584314139e-02  2.1076878524908964e-02
 -4.1032619472281234e-02 -1.1277107056076166e-01  4.1828423305986234e-01  2.1158966515772146e-01  2.1509671901112201e-01  8.2932355652934248e-02 -7.3500218729287004e-01  3.5925310570141544e-01 -8.4595025468238216e-02 -1.3996400333546660e-01  7.1206161895180989e-02  4.3380523297023146e-02 -7.0683246377580666e-02  4.5885749288859363e-02  3.6532474863459424e-02 -5.1722398296387764e-03 -2.4630659696617530e-02 -2.9831390427458712e-03  9.4090697629193223e-03 -1.1758961530223946e-02 -1.2577756541556323e-02 -5.1489741813639384e-03 -1.1528468818752758e-02 -1.5232566987462065e-03  7.9547278252433253e-04  4.4182003922843610e-03  1.3941803446808330e-03  2.3751921297550547e-03  8.8527511637020006e-03 -1.3767886688955122e-03
  1.6981431264772730e-02  8.9522620528746013e-03  7.5183915676872548e-02 -8.2514810797523042e-01  3.3733386183756708e-01 -5.0527540943133407e-02  1.2621796983093150e-02  2.8629707658993281e-01 -1.3751629850569957e-01 -1.5701839007782544e-02 -1.6674771145200815e-01 -1.2956597110012089e-01  9.3719754062275201e-02  2.4176976459799201e-03 -1.8438311933630150e-01  1.9907999696702657e-03  3.3102105175540236e-03  8.9278850158677203e-02  1.0614976973986291e-03 -3.2195638779490016e-03 -7.4161654434251323e-03  2.3879449839591136e-04 -3.1591938361032810e-03  2.7799348896428455e-03 -3.9182954443254172e-03  2.5431879806189474e-04 -2.0207326295419701e-03  2.4045863054755765e-03  3.1763900387823545e-05 -2.4507612239948982e-03
  7.9666581903109912e-01 -4.2067656907690987e-01  8.5520577323110025e-02 -8.3692111080020073e-02  1.2785709213360844e-02  1.1346148303382242e-01  1.3193103576694450e-02 -2.1512386865155758e-01 -2.6752630689927820e-01 -1.6469071913131662e-02  9.4659491613806185e-02  1.3028602393275387e-01 -3.9414557500656748e-02 -4.5226634652050887e-02  1.1111881848071371e-01 -5.8442866577573078e-04  5.3532403636691551e-03 -2.7601597143546017e-02  2.4338204088900262e-03  1.1808449506257808e-04  3.8294411851436273e-03  2.8359342792496500e-05  1.6524151677914456e-03 -1.5024245290331938e-03  2.0038216675674837e-03 -1.2014649661710650e-04  1.0292853519634076e-03 -1.2196919713942662e-03  5.2106196868450485e-06  1.2467893746252229e-03
  3.7129294726287210e-01 -1.8187198039642336e-01 -4.3312587802316858e-03  1.5939292035350852e-01 -7.0019301215123370e-02 -9.6970279712017354e-02  1.3084947528629343e-01  4.7495582010216375e-01  6.3256990095437204e-01  6.7760361271407804e-02 -1.4353363015936191e-01 -2.6965758326544087e-01  4.3927818940137753e-02  1.2166269154937745e-01 -1.7720960859813861e-01  9.7395727932825439e-05 -1.7921169699162347e-02  4.3347352409400129e-03 -8.2789517581036854e-03  3.1746069515874516e-03 -3.3719269160540403e-03 -4.0236194905524244e-04 -1.3721950213187724e-03  1.4930982286236441e-03 -1.8434870125876210e-03 -3.9725142568659782e-06 -9.1517209302041213e-04  1.0253212231380545e-03 -2.0358860521283996e-04 -1.0876867384625494e-03
  0.0000000000000000e+00  1.8018622589797270e-01  6.6631976769891976e-01  2.1258127405581811e-01 -7.6650710812313852e-02  1.9236076614599978e-01  5.1804806054584585e-01  1.9237511834043966e-01 -3.1480465596393653e-01 -1.3343085320114874e-03 -9.5709610033253928e-02 -7.4644631745183293e-02  5.5438378334863266e-02 -7.8513548672302848e-04 -1.0579313583399080e-01  1.0750748965551065e-03  1.6588114774566580e-03  4.4507179747208837e-02  1.0597194173138570e-04 -8.8126032098706194e-04 -2.5366274504828841e-03  5.4321938045107543e-06 -9.5842733445769969e-04  9.8761418537523724e-04 -1.4561552624284503e-03 -1.0288733472808782e-07 -7.2733764136731830e-04  8.1704736630671489e-04 -1.4418302399628183e-04 -8.6451461798018974e-04
  4.6085298607652936e-01  8.5649167840175877e-01  0.0000000000000000e+00  0.0000000000000000e+00  8.7264188928223088e-02 -5.7449686375782454e-02 -1.7113451331799134e-01 -6.2455869301813051e-02  8.4889937074018124e-02  0.0000000000000000e+00  2.8329188689727947e-02  2.2404816367786629e-02 -1.6325588491591408e-02  0.0000000000000000e+00  3.1402378354229550e-02 -3.1342479041944639e-04 -4.2292562101004075e-04 -1.2977482271714915e-02  0.0000000000000000e+00  2.4102330603919636e-04  7.4231638851509957e-04  0.0000000000000000e+00  2.8081069948719759e-04 -2.8974011467856870e-04  4.2576473493839375e-04  0.0000000000000000e+00  2.1265711480016858e-04 -2.3888224206203355e-04  4.2171461625112593e-05  2.5276571896756708e-04
-401.1469838398698
-62.22711730337795  -62.91737619547997  -56.846174497732314 -61.545824860603524  58.28703061283691  -54.94188450885981  -55.71013985563181  -51.19492818740029   56.41948747725272  -63.67489125202272  -53.77686999768114   50.599133142787515 -57.558816127257955 -52.740547726373926  67.10236877006997  -51.894949835411296 -65.13985422922987  -52.82180541061585  -64.06391712663762  -62.57514467832661   53.212696996783976 -58.48309918864128   65.24767276176482   62.38485083127977   59.371670692608795 -68.69860125307967  -58.31079410600671   53.52152447246729  -66.0343133061805    61.221587789734315
