500000
1.e-08
30
1
-100
100
-52.53092507625706   -21.00619212361466   -61.99656844076137   -26.52174309670699     2.0853815317512385  24.040222799547877   33.822095334387356  -23.22945022719081   -16.739397544466975   -6.23581782643587    63.28122505645615     9.504542102639249   33.45870215611794    46.04565206172728     2.4819724576329776 -30.031335799911567  -52.68784354661326     2.544488989563831   57.64964147240944   -18.95714525870413     1.4509183055962183  28.99442954205746     4.06486517450621   -45.09694468147789    48.354384913779896   29.45883552515984   -66.15799352366282     9.667898853029357  -19.128914138431433   -4.155069072040831 
-159.61233726174078
9.8207894478531700e+04 1.2529462110146485e+00 2.2533237497031946e+03 6.3896993251869404e+04 7.3544282650032939e+04 2.8615696456795260e+04 6.5776694600144901e+02 1.0145687454157268e+00 1.1419670943840892e+00 2.8503298687582959e+04 1.9618613062972421e+04 9.9946366759122422e+04 2.4528390067630736e+00 9.8892577528715701e+04 3.5756910789214111e+04 6.8304431734544472e+04 5.1513791067148348e+04 1.0000000000000000e+00 9.9945513856843128e+04 4.3825383609677097e+01 9.9999999929706144e+04 7.0724205111246323e+04 9.9868614039440406e+04 9.7758746987462204e+04 1.0000000000000000e+05 9.9990312896149204e+04 9.9275331359662785e+04 1.0000000000000000e+05 5.0605338964130096e+03 2.5648627959194873e+04
0.5 0.5
45.74298494689146 22.04877912866404 27.53671249389917 31.94376183488963
0.25
-2.2324363573619530e-02 -1.5215059176603649e-01 -3.7513007951909527e-01 -3.3525348130591792e-01  7.0677245596448765e-02  1.6918438763799415e-01 -1.1558296836966578e-01 -3.3182362205084158e-02  1.0312340750463543e-01 -7.1465906024381534e-02 -4.7275851346612166e-04  5.1684811725580905e-02 -5.8932241069675421e-02  3.2805181062737096e-02  2.5908873014290268e-03 -2.7304997451537600e-02  3.3301978423396453e-02 -2.3444901236640149e-02  6.1305127440662455e-03  1.0290681537826495e-02 -2.1004611892294023e-02  2.5682240538931526e-02 -2.7616468638199533e-02  3.2196390314523315e-02 -4.5749204737048958e-02  7.5431522947195559e-02 -1.3053250897528862e-01  2.2542798881838116e-01 -3.8458649715024068e-01  6.5053208810387997e-01
 -1.2223528064868251e-02 -1.1232610809212255e-01 -3.9553469285235615e-01 -6.2785450758215344e-01 -3.1821703615404279e-01  2.0919898200686896e-01  1.0430541810269268e-01 -1.6658823370497133e-01  5.0770445695754556e-02  6.3570233323182151e-02 -9.2668620911944249e-02  5.1562974182336470e-02  7.8508690715983400e-03 -4.5451709811996810e-02  4.9168388704909555e-02 -2.8621149494484088e-02  1.2825765313917493e-03  1.8645192611314275e-02 -2.5042385208702476e-02  1.9251260413724502e-02 -6.6599511316353752e-03 -7.0265670174446794e-03  1.8356495602326339e-02 -2.7154557361288738e-02  3.6371193801573623e-02 -5.1481419236081800e-02  8.0197128483119925e-02 -1.3315283021512125e-01  2.2614457614459338e-01 -3.8458649715024062e-01
  1.3935906573827790e-02  8.6721804493058566e-02  1.4234864843800021e-01 -1.5437413926893825e-01 -6.6949756760622259e-01 -4.4570376832220077e-01  2.8999121393044502e-01  1.3522460276336926e-01 -2.4654723235231416e-01  1.0307211900023339e-01  6.7667835533797266e-02 -1.3546288846528187e-01  9.8291087546402256e-02 -1.6958385388432664e-02 -4.9302998289095457e-02  7.2780483003330482e-02 -5.6921366157085082e-02  2.1669796896048751e-02  1.1880011743691061e-02 -3.0690811313244224e-02  3.1895444935462383e-02 -2.0061022134713179e-02  2.6257973459783029e-03  1.4151068880664851e-02 -2.7581555433577876e-02  3.9218439145824492e-02 -5.4428530220133109e-02  8.1778889674414157e-02 -1.3315283021512128e-01  2.2542798881838116e-01
 -1.5888170011458133e-02 -9.4692534871460773e-02 -1.7872928578662650e-01 -8.4632740986414878e-02 -8.9278985736232955e-02 -5.5672257200323605e-01 -5.3890085053640990e-01  2.8020131106560331e-01  2.0662712914553083e-01 -3.0762199748205304e-01  1.1572946694304891e-01  9.7928995694111481e-02 -1.8044322390126508e-01  1.3112929901550099e-01 -2.5196795116311281e-02 -6.2979074312131636e-02  9.7025086875708724e-02 -7.9505389256200432e-02  3.4743273175286096e-02  1.0179976595822243e-02 -3.7519686556960904e-02  4.2315194115415858e-02 -2.9543941547112096e-02  8.5793621269198029e-03  1.2055719188423119e-02 -2.8011785119433596e-02  4.0221661832901663e-02 -5.4428530220133164e-02  8.0197128483119884e-02 -1.3053250897528851e-01
  1.8113923552492736e-02  1.0319458164901446e-01  1.8080879969756281e-01  3.1404761908119659e-02 -1.7143706173833206e-01 -1.8398301294788624e-01 -4.5527363060693088e-01 -5.5020320505132436e-01  2.2147168538122344e-01  2.7181223840012803e-01 -3.3529454043091861e-01  1.0012086569409226e-01  1.3674459934274028e-01 -2.1715459546180391e-01  1.4953782655866552e-01 -2.2353800026472231e-02 -8.0185264558170641e-02  1.1814485675762147e-01 -9.5904700709016577e-02  4.2304657955468554e-02  1.1044885877373879e-02 -4.3556323234395601e-02  4.9589115910605178e-02 -3.5141530491488215e-02  1.1396429977503359e-02  1.1429861591413008e-02 -2.8011785119433582e-02  3.9218439145824548e-02 -5.1481419236081703e-02  7.5431522947195531e-02
 -2.0651480077877038e-02 -1.1222038330002451e-01 -1.8139146211514476e-01 -9.8106533105730108e-03  1.3755843179882055e-01 -9.7686349554428648e-02 -2.8902213608560817e-01 -4.2408296463095263e-01 -5.0750399296795279e-01  1.5720361228599605e-01  3.1144758922310611e-01 -3.3501462386286629e-01  7.1157104994556450e-02  1.7280447375111271e-01 -2.4254203504597502e-01  1.5683196608220790e-01 -1.3896177807568313e-02 -9.6699925675750836e-02  1.3454993602567583e-01 -1.0682928478855239e-01  4.6212195028602722e-02  1.2607339057334518e-02 -4.7593938070231170e-02  5.3300181345636528e-02 -3.6986592726627084e-02  1.1396429977503408e-02  1.2055719188423212e-02 -2.7581555433577831e-02  3.6371193801573547e-02 -4.5749204737048924e-02
  2.3544519671347620e-02  1.2174983272407393e-01  1.8021713274044751e-01 -1.2887044409905221e-02 -1.3232579026457761e-01  8.7000532958522142e-02  5.9573492651243945e-03 -3.3770615251611724e-01 -4.4845042262624435e-01 -4.4915083507728853e-01  1.0975609103765556e-01  3.2558749286409561e-01 -3.1839402808003497e-01  4.0060455397333383e-02  2.0114147277914557e-01 -2.5777725492139270e-01  1.5726488925569776e-01 -4.0191918557141862e-03 -1.1014915088691239e-01  1.4593316200966289e-01 -1.1333752732631909e-01  4.7943296657686596e-02  1.3674515587389812e-02 -4.9003943042622282e-02  5.3300181345636535e-02 -3.5141530491488208e-02  8.5793621269198532e-03  1.4151068880664792e-02 -2.7154557361288679e-02  3.2196390314523225e-02
 -2.6842841504048816e-02 -1.3174691065261460e-01 -1.7701018661241788e-01  3.6282559992430477e-02  1.2238484872780268e-01 -1.0639212338692150e-01 -1.0171262349714799e-02  6.8602217449641692e-02 -3.3266178001282026e-01 -4.9636177447153679e-01 -3.9878641655580338e-01  8.3662961624920013e-02  3.2224711804843742e-01 -2.9575336047379119e-01  1.3038041840536080e-02  2.2098192533605782e-01 -2.6565548221242830e-01  1.5455320386127006e-01  4.5286942221996959e-03 -1.1942316189144284e-01  1.5254310540547611e-01 -1.1633881620846570e-01  4.8417254721597580e-02  1.3674515587389862e-02 -4.7593938070231177e-02  4.9589115910605067e-02 -2.9543941547112103e-02  2.6257973459784334e-03  1.8356495602326370e-02 -2.7616468638199686e-02
  3.0603221049709538e-02  1.4215562201702214e-01  1.7148420689762600e-01 -5.9862362553467482e-02 -1.0756374178095254e-01  1.2154382162651417e-01 -2.0582476150376849e-02 -8.2250786823439281e-02  8.2383370464945205e-02 -2.9879469751582827e-01 -5.4448180755352504e-01 -3.6454124498298057e-01  7.4521880586679551e-02  3.1019676637345989e-01 -2.7384760883336007e-01 -7.5339214813184199e-03  2.3357721443121038e-01 -2.6904544010124337e-01  1.5138439346296612e-01  1.0166728581045932e-02 -1.2411293227649570e-01  1.5470165199329675e-01 -1.1633881620846574e-01  4.7943296657686624e-02  1.2607339057334542e-02 -4.3556323234395497e-02  4.2315194115415802e-02 -2.0061022134713179e-02 -7.0265670174446283e-03  2.5682240538931433e-02
 -3.4890387386004577e-02 -1.5289510605252685e-01 -1.6334884637041650e-01  8.2996376554769477e-02  8.7871338745962771e-02 -1.3118812221498927e-01  5.1488126944258777e-02  5.5654637948806082e-02 -1.1280007407968397e-01  6.4819636490954680e-02 -2.5777645752233241e-01 -5.8216874169487964e-01 -3.4539832425401984e-01  7.5576803587714875e-02  2.9606991168236502e-01 -2.5619362915198740e-01 -2.1448808548251774e-02  2.4071098402501370e-01 -2.7017588750166149e-01  1.4941415477554798e-01  1.2121695499920430e-02 -1.2411293227649571e-01  1.5254310540547625e-01 -1.1333752732631905e-01  4.6212195028602653e-02  1.1044885877373923e-02 -3.7519686556960891e-02  3.1895444935462459e-02 -6.6599511316354195e-03 -2.1004611892294071e-02
  3.9778137404821355e-02  1.6385376838561469e-01  1.5231945015403919e-01 -1.0493207538589590e-01 -6.3545623005298951e-02  1.3414240931105292e-01 -8.0447159904474583e-02 -2.3222452102247080e-02  9.9423111024142904e-02 -1.1212651451596041e-01  3.4851019703297563e-02 -2.2166136645592022e-01 -6.0748084398140034e-01 -3.3688590828532999e-01  8.0922838893045981e-02  2.8397470852319284e-01 -2.4419379812958877e-01 -2.9347923886621292e-02  2.4387171713636019e-01 -2.7040270937575106e-01  1.4941415477554806e-01  1.0166728581045951e-02 -1.1942316189144296e-01  1.4593316200966300e-01 -1.0682928478855241e-01  4.2304657955468478e-02  1.0179976595822156e-02 -3.0690811313244297e-02  1.9251260413724512e-02  1.0290681537826564e-02
 -4.5350606110826641e-02 -1.7488225705019969e-01 -1.3813016655154803e-01  1.2479307229361594e-01  3.5104548780021436e-02 -1.2941092631049644e-01  1.0511442944564327e-01 -1.2916960449912815e-02 -7.5402235145684837e-02  1.1437630280487882e-01 -9.5681157270044628e-02  4.8960617855201031e-03 -1.9476710510542766e-01 -6.2253549543334852e-01 -3.3432964041230040e-01  8.6452036192901885e-02  2.7608526406405459e-01 -2.3819327008170005e-01 -3.1893459138164389e-02  2.4387171713636036e-01 -2.7017588750166149e-01  1.5138439346296617e-01  4.5286942221996786e-03 -1.1014915088691239e-01  1.3454993602567594e-01 -9.5904700709016535e-02  3.4743273175286069e-02  1.1880011743691073e-02 -2.5042385208702521e-02  6.1305127440662412e-03
  5.1703714874544747e-02  1.8578507368438602e-01  1.2055143455252762e-01 -1.4158434039481954e-01 -3.3966620207630102e-03  1.1630788578534738e-01 -1.2303015960547808e-01  4.9877349852349276e-02  4.2017594478639064e-02 -1.0290068441188696e-01  1.1202461665567530e-01 -7.5294073747460624e-02 -1.9053908672488039e-02 -1.7719263664239854e-01 -6.3043166958206931e-01 -3.3418734465843419e-01  8.9755275812835045e-02  2.7336758786904947e-01 -2.3819327008170010e-01 -2.9347923886621247e-02  2.4071098402501373e-01 -2.6904544010124343e-01  1.5455320386127019e-01 -4.0191918557141776e-03 -9.6699925675750795e-02  1.1814485675762149e-01 -7.9505389256200446e-02  2.1669796896048789e-02  1.8645192611314299e-02 -2.3444901236640135e-02
 -5.8946822569368562e-02 -1.9631057536082969e-01 -9.9412931139684330e-02  1.5420683841327776e-01 -3.0352641909742892e-02 -9.4599942709404833e-02  1.3180974092748340e-01 -8.4109244774464090e-02 -1.8891337703853040e-03  7.7452096131695125e-02 -1.1311958022103562e-01  1.0278366659971903e-01 -5.7840562891130515e-02 -3.5038942631702742e-02 -1.6754040890968275e-01 -6.3370212126508951e-01 -3.3436702156961778e-01  8.9755275812835086e-02  2.7608526406405465e-01 -2.4419379812958875e-01 -2.1448808548251697e-02  2.3357721443121027e-01 -2.6565548221242835e-01  1.5726488925569784e-01 -1.3896177807568428e-02 -8.0185264558170710e-02  9.7025086875708683e-02 -5.6921366157085068e-02  1.2825765313918447e-03  3.3301978423396467e-02
  6.7204608014255651e-02  2.0613908077153514e-01  7.4633295089467297e-02 -1.6148512578075086e-01  6.4505238302947743e-02  6.4663275202330658e-02 -1.2939672850801923e-01  1.1160601275908773e-01 -4.0977732327756547e-02 -3.9694877295324352e-02  9.6769944491657600e-02 -1.1438924259029105e-01  9.3573593405761588e-02 -4.6569416059363627e-02 -4.2908412183457652e-02 -1.6449213800209031e-01 -6.3370212126508962e-01 -3.3418734465843408e-01  8.6452036192901927e-02  2.8397470852319284e-01 -2.5619362915198729e-01 -7.5339214813183010e-03  2.2098192533605787e-01 -2.5777725492139264e-01  1.5683196608220798e-01 -2.2353800026472196e-02 -6.2979074312131678e-02  7.2780483003330523e-02 -2.8621149494484101e-02 -2.7304997451537621e-02
 -7.6619216125428810e-02 -2.1486874586253027e-01 -4.6258223956641753e-02  1.6221255644460367e-01 -9.6993276646036186e-02 -2.7646168052508226e-02  1.1437956111600694e-01 -1.2824687715503383e-01  8.1325057160297087e-02 -6.4843665172842095e-03 -6.3238692533107418e-02  1.0574166227563998e-01 -1.1284783390465698e-01  8.8176216466261503e-02 -4.2715180738752918e-02 -4.2908412183457707e-02 -1.6754040890968278e-01 -6.3043166958206931e-01 -3.3432964041230046e-01  8.0922838893046051e-02  2.9606991168236485e-01 -2.7384760883335990e-01  1.3038041840536054e-02  2.0114147277914562e-01 -2.4254203504597494e-01  1.4953782655866538e-01 -2.5196795116311215e-02 -4.9302998289095464e-02  4.9168388704909631e-02  2.5908873014290337e-03
  8.7352704719740354e-02  2.2199881738292013e-01  1.4508876091652707e-02 -1.5521988942836024e-01  1.2533283147036942e-01 -1.4378187277947325e-02 -8.6364271132150061e-02  1.3029619013685628e-01 -1.1302012167864724e-01  5.4920662881705926e-02  1.5967658369284377e-02 -7.5520732133047455e-02  1.0901521673805036e-01 -1.1196789652203244e-01  8.8176216466261476e-02 -4.6569416059363586e-02 -3.5038942631702832e-02 -1.7719263664239845e-01 -6.2253549543334830e-01 -3.3688590828532988e-01  7.5576803587715013e-02  3.1019676637346000e-01 -2.9575336047379125e-01  4.0060455397333328e-02  1.7280447375111266e-01 -2.1715459546180385e-01  1.3112929901550094e-01 -1.6958385388432633e-02 -4.5451709811996872e-02  3.2805181062737096e-02
 -9.9589834087609491e-02 -2.2690980688761450e-01  2.0157089819841267e-02  1.3947469943214860e-01 -1.4668419187447776e-01  5.8292571646894775e-02  4.6382415461416859e-02 -1.1506501574356508e-01  1.2974110426181970e-01 -9.7510677695588313e-02  3.8045614370544469e-02  2.6757301004960318e-02 -7.9271985036565101e-02  1.0901521673805037e-01 -1.1284783390465697e-01  9.3573593405761546e-02 -5.7840562891130411e-02 -1.9053908672488143e-02 -1.9476710510542747e-01 -6.0748084398140034e-01 -3.4539832425401978e-01  7.4521880586679634e-02  3.2224711804843736e-01 -3.1839402808003497e-01  7.1157104994556450e-02  1.3674459934274039e-01 -1.8044322390126497e-01  9.8291087546402256e-02  7.8508690715983261e-03 -5.8932241069675449e-02
  1.1354124735368659e-01  2.2884005102088911e-01 -5.6969026906682471e-02 -1.1422087713427069e-01  1.5798022905074358e-01 -9.9885990562850427e-02  2.7062512806978055e-03  8.1716545492874312e-02 -1.2601546737588662e-01  1.2509853434275914e-01 -8.8488127434145858e-02  3.2333005065429424e-02  2.6757301004960383e-02 -7.5520732133047566e-02  1.0574166227564008e-01 -1.1438924259029114e-01  1.0278366659971905e-01 -7.5294073747460638e-02  4.8960617855201309e-03 -2.2166136645592022e-01 -5.8216874169487987e-01 -3.6454124498298063e-01  8.3662961624919985e-02  3.2558749286409583e-01 -3.3501462386286640e-01  1.0012086569409213e-01  9.7928995694111509e-02 -1.3546288846528184e-01  5.1562974182336484e-02  5.1684811725581023e-02
 -1.2944709637020027e-01 -2.2685803468039295e-01  9.4747982843880502e-02  7.9169854205705589e-02 -1.5615125983786943e-01  1.3392495430293347e-01 -5.5885706935474587e-02 -3.2155699177345731e-02  9.8612618727272588e-02 -1.2903509676259828e-01  1.2289724183221838e-01 -8.8488127434145913e-02  3.8045614370544469e-02  1.5967658369284442e-02 -6.3238692533107488e-02  9.6769944491657656e-02 -1.1311958022103563e-01  1.1202461665567530e-01 -9.5681157270044628e-02  3.4851019703297584e-02 -2.5777645752233258e-01 -5.4448180755352504e-01 -3.9878641655580344e-01  1.0975609103765573e-01  3.1144758922310634e-01 -3.3529454043091844e-01  1.1572946694304885e-01  6.7667835533797294e-02 -9.2668620911944277e-02 -4.7275851346614009e-04
  1.4758117555709455e-01  2.1982974991718190e-01 -1.3178849279514099e-01 -3.4758066059385841e-02  1.3848371648663343e-01 -1.5441879537678541e-01  1.0584083841466968e-01 -2.8121889794488559e-02 -4.8209986369013413e-02  1.0346250279936202e-01 -1.2903509676259831e-01  1.2509853434275922e-01 -9.7510677695588369e-02  5.4920662881705912e-02 -6.4843665172841895e-03 -3.9694877295324386e-02  7.7452096131695125e-02 -1.0290068441188695e-01  1.1437630280487880e-01 -1.1212651451596047e-01  6.4819636490954693e-02 -2.9879469751582816e-01 -4.9636177447153684e-01 -4.4915083507728865e-01  1.5720361228599622e-01  2.7181223840012803e-01 -3.0762199748205310e-01  1.0307211900023336e-01  6.3570233323182110e-02 -7.1465906024381465e-02
 -1.6825563484657607e-01 -2.0638024285072809e-01  1.6571261405014737e-01 -1.7511311363877853e-02 -1.0316120952581230e-01  1.5518034388605373e-01 -1.4316851256155982e-01  8.9445418675704227e-02 -1.8890161808604571e-02 -4.8209986369013386e-02  9.8612618727272588e-02 -1.2601546737588670e-01  1.2974110426181976e-01 -1.1302012167864724e-01  8.1325057160297087e-02 -4.0977732327756540e-02 -1.8891337703852819e-03  4.2017594478639030e-02 -7.5402235145684796e-02  9.9423111024142918e-02 -1.1280007407968394e-01  8.2383370464945205e-02 -3.3266178001282032e-01 -4.4845042262624446e-01 -5.0750399296795301e-01  2.2147168538122322e-01  2.0662712914553091e-01 -2.4654723235231407e-01  5.0770445695754597e-02  1.0312340750463546e-01
  1.9182635285807237e-01  1.8484836078847078e-01 -1.9329037334576143e-01  7.4620010714902318e-02  5.0050810436740110e-02 -1.3082051633134636e-01  1.5719145978980245e-01 -1.3801941270155993e-01  8.9445418675704241e-02 -2.8121889794488611e-02 -3.2155699177345703e-02  8.1716545492874354e-02 -1.1506501574356512e-01  1.3029619013685628e-01 -1.2824687715503383e-01  1.1160601275908771e-01 -8.4109244774464118e-02  4.9877349852349297e-02 -1.2916960449912855e-02 -2.3222452102247097e-02  5.5654637948806061e-02 -8.2250786823439281e-02  6.8602217449641595e-02 -3.3770615251611719e-01 -4.2408296463095280e-01 -5.5020320505132414e-01  2.8020131106560342e-01  1.3522460276336934e-01 -1.6658823370497133e-01 -3.3182362205084068e-02
 -2.1869906279443990e-01 -1.5323354903660422e-01  2.1021965740477336e-01 -1.3145212181360963e-01  1.8184706901406094e-02  7.8364006361902175e-02 -1.3773361565280529e-01  1.5719145978980245e-01 -1.4316851256155982e-01  1.0584083841466974e-01 -5.5885706935474636e-02  2.7062512806977908e-03  4.6382415461416866e-02 -8.6364271132150047e-02  1.1437956111600692e-01 -1.2939672850801917e-01  1.3180974092748340e-01 -1.2303015960547808e-01  1.0511442944564330e-01 -8.0447159904474541e-02  5.1488126944258777e-02 -2.0582476150376811e-02 -1.0171262349714764e-02  5.9573492651243112e-03 -2.8902213608560817e-01 -4.5527363060693071e-01 -5.3890085053641001e-01  2.8999121393044497e-01  1.0430541810269278e-01 -1.1558296836966560e-01
  2.4933633650718512e-01  1.0913335798588479e-01 -2.1085722434211826e-01  1.8004336993550196e-01 -9.4545474334461421e-02  2.6360235073965085e-04  7.8364006361902147e-02 -1.3082051633134634e-01  1.5518034388605370e-01 -1.5441879537678543e-01  1.3392495430293350e-01 -9.9885990562850385e-02  5.8292571646894754e-02 -1.4378187277947322e-02 -2.7646168052508208e-02  6.4663275202330603e-02 -9.4599942709404805e-02  1.1630788578534734e-01 -1.2941092631049642e-01  1.3414240931105284e-01 -1.3118812221498921e-01  1.2154382162651406e-01 -1.0639212338692144e-01  8.7000532958522100e-02 -9.7686349554428634e-02 -1.8398301294788624e-01 -5.5672257200323616e-01 -4.4570376832220071e-01  2.0919898200686893e-01  1.6918438763799412e-01
 -2.8426554695050482e-01 -4.9670101805640708e-02  1.8789091011878079e-01 -2.0862050131403334e-01  1.6559274187934919e-01 -9.4545474334461407e-02  1.8184706901406115e-02  5.0050810436740069e-02 -1.0316120952581226e-01  1.3848371648663343e-01 -1.5615125983786943e-01  1.5798022905074352e-01 -1.4668419187447770e-01  1.2533283147036936e-01 -9.6993276646036145e-02  6.4505238302947729e-02 -3.0352641909742847e-02 -3.3966620207630470e-03  3.5104548780021484e-02 -6.3545623005298965e-02  8.7871338745962799e-02 -1.0756374178095252e-01  1.2238484872780270e-01 -1.3232579026457764e-01  1.3755843179882057e-01 -1.7143706173833204e-01 -8.9278985736232983e-02 -6.6949756760622248e-01 -3.1821703615404301e-01  7.0677245596448668e-02
  3.2408794608539154e-01 -2.8595144314660606e-02 -1.3194120534494322e-01  2.0037965312911379e-01 -2.0862050131403331e-01  1.8004336993550191e-01 -1.3145212181360960e-01  7.4620010714902305e-02 -1.7511311363877843e-02 -3.4758066059385917e-02  7.9169854205705659e-02 -1.1422087713427070e-01  1.3947469943214860e-01 -1.5521988942836024e-01  1.6221255644460367e-01 -1.6148512578075089e-01  1.5420683841327773e-01 -1.4158434039481954e-01  1.2479307229361594e-01 -1.0493207538589590e-01  8.2996376554769463e-02 -5.9862362553467517e-02  3.6282559992430477e-02 -1.2887044409905226e-02 -9.8106533105730056e-03  3.1404761908119638e-02 -8.4632740986414878e-02 -1.5437413926893837e-01 -6.2785450758215333e-01 -3.3525348130591792e-01
 -3.6948901449578619e-01  1.2976331651757170e-01  3.1078130819486870e-02 -1.3194120534494319e-01  1.8789091011878079e-01 -2.1085722434211823e-01  2.1021965740477336e-01 -1.9329037334576143e-01  1.6571261405014739e-01 -1.3178849279514093e-01  9.4747982843880460e-02 -5.6969026906682478e-02  2.0157089819841247e-02  1.4508876091652698e-02 -4.6258223956641767e-02  7.4633295089467311e-02 -9.9412931139684302e-02  1.2055143455252759e-01 -1.3813016655154800e-01  1.5231945015403917e-01 -1.6334884637041644e-01  1.7148420689762597e-01 -1.7701018661241780e-01  1.8021713274044746e-01 -1.8139146211514470e-01  1.8080879969756275e-01 -1.7872928578662647e-01  1.4234864843800016e-01 -3.9553469285235604e-01 -3.7513007951909527e-01
  4.2125026086930145e-01 -2.5871535453937083e-01  1.2976331651757164e-01 -2.8595144314660606e-02 -4.9670101805640722e-02  1.0913335798588476e-01 -1.5323354903660419e-01  1.8484836078847075e-01 -2.0638024285072809e-01  2.1982974991718185e-01 -2.2685803468039289e-01  2.2884005102088908e-01 -2.2690980688761445e-01  2.2199881738292007e-01 -2.1486874586253019e-01  2.0613908077153506e-01 -1.9631057536082963e-01  1.8578507368438596e-01 -1.7488225705019964e-01  1.6385376838561463e-01 -1.5289510605252682e-01  1.4215562201702212e-01 -1.3174691065261460e-01  1.2174983272407390e-01 -1.1222038330002450e-01  1.0319458164901445e-01 -9.4692534871460746e-02  8.6721804493058538e-02 -1.1232610809212253e-01 -1.5215059176603640e-01
 -4.8026267445220150e-01  4.2125026086930145e-01 -3.6948901449578614e-01  3.2408794608539149e-01 -2.8426554695050477e-01  2.4933633650718506e-01 -2.1869906279443985e-01  1.9182635285807231e-01 -1.6825563484657602e-01  1.4758117555709452e-01 -1.2944709637020024e-01  1.1354124735368658e-01 -9.9589834087609477e-02  8.7352704719740354e-02 -7.6619216125428796e-02  6.7204608014255637e-02 -5.8946822569368562e-02  5.1703714874544740e-02 -4.5350606110826641e-02  3.9778137404821355e-02 -3.4890387386004577e-02  3.0603221049709535e-02 -2.6842841504048812e-02  2.3544519671347616e-02 -2.0651480077877035e-02  1.8113923552492733e-02 -1.5888170011458130e-02  1.3935906573827787e-02 -1.2223528064868249e-02 -2.2324363573619530e-02
-159.61233726174078
-52.53092507625706   -21.00619212361466   -61.99656844076137   -26.52174309670699     2.0853815317512385  24.040222799547877   33.822095334387356  -23.22945022719081   -16.739397544466975   -6.23581782643587    63.28122505645615     9.504542102639249   33.45870215611794    46.04565206172728     2.4819724576329776 -30.031335799911567  -52.68784354661326     2.544488989563831   57.64964147240944   -18.95714525870413     1.4509183055962183  28.99442954205746     4.06486517450621   -45.09694468147789    48.354384913779896   29.45883552515984   -66.15799352366282     9.667898853029357  -19.128914138431433   -4.155069072040831 
