500000
1.e-08
30
1
-100
100
 -3.016674935928407   25.012560162359435  -42.10634452411847     1.4512086500446344 -32.022639433774295   38.94287243929587   -13.389032891483502  -30.26827963478072    40.48356305871964    60.703346902449596  -34.02210984218239    67.8109597182937     62.6023140043952      0.5687715109996958 -44.86555313852721    27.13718073690066    30.475626021568672   49.59655206313124   -21.41763559019318    44.69373624085239   -26.40367119223376    65.4325840326413    -10.68899558091784    12.033964016922312   53.74603126206304   -28.923332000037156  -67.05638782439051   -33.67579256797252   -55.66695514520789    26.857187361295615 
-189.9408563690837
1.3793965517241379e+04 2.7586931034482757e+04 7.9310551724137928e+04 4.8276379310344826e+04 3.1035172413793105e+04 9.3103517241379304e+04 8.6207034482758623e+04 1.7242206896551725e+04 1.0000000000000000e+00 6.8965827586206899e+04 6.5517586206896551e+04 7.2414068965517246e+04 5.1724620689655174e+04 2.4138689655172413e+04 4.4828137931034486e+04 3.4483413793103449e+04 6.8974827586206893e+03 1.0345724137931034e+04 7.5862310344827580e+04 4.1379896551724138e+04 3.7931655172413790e+04 8.9655275862068971e+04 5.5172862068965514e+04 5.8621103448275862e+04 6.2069344827586210e+04 3.4492413793103447e+03 9.6551758620689652e+04 1.0000000000000000e+05 2.0690448275862069e+04 8.2758793103448275e+04
0.7 0.7
28.182780655899727 46.731467257139066 44.135977513480356 35.78786971644573 
0.75
-8.8574853685599697e-01 -3.1627422767909957e-01 -2.9456457712865425e-01 -4.8015943449553330e-02 -1.4672371824088681e-01  6.5366341174035406e-02 -1.4822947036579522e-02  1.7813555357227902e-02  2.5964689381458273e-03 -1.3689769795977881e-03 -2.3189298586626534e-04  3.6403174091463898e-05  4.1458062570377788e-06 -2.3916665173798133e-06  1.1507254767326760e-06 -3.7049637518259126e-07 -1.7770659844139156e-07 -1.9606398403322594e-08 -7.2811975351773015e-09  1.3123715918447660e-07 -5.0531502848986131e-08 -2.7229742312296829e-08 -5.2392226226979448e-08  1.6667220869653866e-08  7.9550812488328028e-09  5.5054177164294445e-10 -6.2323009146036321e-09 -6.2140992294143754e-11  1.1050813618008565e-09 -1.1818564879505155e-09
  4.6416541174182785e-01 -6.0353362686110368e-01 -5.6210595749092795e-01 -9.1626929926992659e-02 -2.7998708104132047e-01  1.2473600916807460e-01 -2.8286044839650647e-02  3.3992904673052070e-02  4.9547392045529793e-03 -2.6123647432452863e-03 -4.4251223323046147e-04  6.9466740460968801e-05  7.9112784653202920e-06 -4.5639228275693336e-06  2.1958840136623602e-06 -7.0700361105527445e-07 -3.3911048858303892e-07 -3.7414116303043319e-08 -1.3894421902616767e-08  2.5043469157379380e-07 -9.6427272651928928e-08 -5.1961442627908971e-08 -9.9978017640372888e-08  3.1805399810709948e-08  1.5180367598444360e-08  1.0505771355968158e-09 -1.1892853876468631e-08 -1.1858120318954732e-10  2.1087831504911219e-09 -2.2552900937784413e-09
  0.0000000000000000e+00  7.3192743776543256e-01 -5.9078674883110227e-01 -9.6302085604237475e-02 -2.9427309054233203e-01  1.3110051643557386e-01 -2.9729306806675664e-02  3.5727352410140821e-02  5.2075489095151604e-03 -2.7456575630543621e-03 -4.6509089630567408e-04  7.3011198692894328e-05  8.3149420875859008e-06 -4.7967915893495132e-06  2.3079263970667228e-06 -7.4307763371096462e-07 -3.5641319999305228e-07 -3.9323127315227657e-08 -1.4603368338908066e-08  2.6321282537161052e-07 -1.0134736013646109e-07 -5.4612713751947105e-08 -1.0507927768633868e-07  3.3428232700675403e-08  1.5954927892203841e-08  1.1041815907911851e-09 -1.2499672672684088e-08 -1.2463166876498311e-10  2.2163813154187510e-09 -2.3703636021254253e-09
  0.0000000000000000e+00  0.0000000000000000e+00 -4.9823650996268865e-01  2.4595113538583541e-01  7.5156005478245413e-01 -3.3482474096677245e-01  7.5927293967286452e-02 -9.1246028935611609e-02 -1.3299842457577732e-02  7.0122842176972748e-03  1.1878209416366266e-03 -1.8646727224781967e-04 -2.1235982941362530e-05  1.2250786991863721e-05 -5.8943387797254928e-06  1.8977863931431813e-06  9.1026306081301339e-07  1.0042947408063647e-07  3.7296336843342034e-08 -6.7223355384333083e-07  2.5883653648330698e-07  1.3947838065515357e-07  2.6836768373520334e-07 -8.5374182034446573e-08 -4.0748158313136261e-08 -2.8200294336645197e-09  3.1923594037538440e-08  3.1830359898695856e-10 -5.6605368155308874e-09  6.0538005543916724e-09
  0.0000000000000000e+00  0.0000000000000000e+00  0.0000000000000000e+00 -9.5892279261549307e-01  2.5641855365952287e-01 -1.1423608168342018e-01  2.5905004900784054e-02 -3.1131477275780736e-02 -4.5376631516941728e-03  2.3924632043834534e-03  4.0526279426747811e-04 -6.3619225037794879e-05 -7.2453292278002599e-06  4.1797446014528783e-06 -2.0110406547803306e-06  6.4749002955639507e-07  3.1056511853989545e-07  3.4264700904038178e-08  1.2724828427631602e-08 -2.2935380147073255e-07  8.8310295227839686e-08  4.7587474090436206e-08  9.1562148459654450e-08 -2.9128110438858156e-08 -1.3902526820651878e-08 -9.6214249820242188e-10  1.0891746785410021e-08  1.0859937001372700e-10 -1.9312716980348983e-09  2.0654460976503858e-09
  0.0000000000000000e+00  0.0000000000000000e+00  0.0000000000000000e+00  0.0000000000000000e+00 -4.2765610311644947e-01 -8.5121612138232494e-01  1.9302795991501423e-01 -2.3197237640756832e-01 -3.3811839229821936e-02  1.7827145498818194e-02  3.0197658987720075e-03 -4.7405083563786777e-04 -5.3987680184248115e-05  3.1144853146112471e-05 -1.4985022252848618e-05  4.8246923692649209e-06  2.3141378078143566e-06  2.5531920715461625e-07  9.4817494961368035e-08 -1.7090016607296123e-06  6.5803331026610134e-07  3.5459221398979456e-07  6.8226409492274700e-07 -2.1704453466526246e-07 -1.0359296978063794e-07 -7.1692865640001327e-09  8.1158512416841029e-08  8.0921485720973645e-10 -1.4390633676429017e-08  1.5390417723171877e-08
  0.0000000000000000e+00  0.0000000000000000e+00  0.0000000000000000e+00  0.0000000000000000e+00  0.0000000000000000e+00 -3.3653298385990510e-01 -5.9751905884191869e-01  7.1807170365059758e-01  1.0466472506476514e-01 -5.5184022071111616e-02 -9.3477011234620738e-03  1.4674268395017706e-03  1.6711914619495116e-04 -9.6409055702750468e-05  4.6386214707908021e-05 -1.4934860446922883e-05 -7.1634256797021755e-06 -7.9034194025807957e-07 -2.9350805124816632e-07  5.2902235734555111e-06 -2.0369455513592149e-06 -1.0976420517998440e-06 -2.1119520719141368e-06  6.7186249151194763e-07  3.2067257941916141e-07  2.2192564031529030e-08 -2.5122659938835651e-07 -2.5049288201239998e-09  4.4546281762831070e-08 -4.7641118505228254e-08
  0.0000000000000000e+00  0.0000000000000000e+00  0.0000000000000000e+00  0.0000000000000000e+00  0.0000000000000000e+00  0.0000000000000000e+00 -7.7289812135163427e-01 -6.2603455555445675e-01 -9.1249570627883247e-02  4.8110940112751993e-02  8.1495815648098009e-03 -1.2793428631232874e-03 -1.4569904353688910e-04  8.4052052227453117e-05 -4.0440770971597720e-05  1.3020619911109378e-05  6.2452704776427833e-06  6.8904172492816509e-07  2.5588834858782926e-07 -4.6121616361636102e-06  1.7758648564632559e-06  9.5695436898981281e-07  1.8412575930389547e-06 -5.8574810026500363e-07 -2.7957112738821804e-07 -1.9348084445411275e-08  2.1902622216133953e-07  2.1838654728064957e-09 -3.8836667094971877e-08  4.1534830432547109e-08
  0.0000000000000000e+00  0.0000000000000000e+00  0.0000000000000000e+00  0.0000000000000000e+00  0.0000000000000000e+00  0.0000000000000000e+00  0.0000000000000000e+00  1.6308982048301537e-01 -8.6995697420789864e-01  4.5868103925080417e-01  7.7696643067994564e-02 -1.2197024473856672e-02 -1.3890684436996704e-03  8.0133712990223648e-04 -3.8555502789769017e-04  1.2413624548846385e-04  5.9541284089942107e-05  6.5691997233171313e-06  2.4395934352429730e-06 -4.3971518484368378e-05  1.6930775745029461e-05  9.1234306262808385e-06  1.7554218319664276e-05 -5.5844169068216486e-06 -2.6653807835477718e-06 -1.8446115291314617e-07  2.0881565599985560e-06  2.0820580148782595e-08 -3.7026179040383446e-07  3.9598559378092530e-07
  0.0000000000000000e+00  0.0000000000000000e+00  0.0000000000000000e+00  0.0000000000000000e+00  0.0000000000000000e+00  0.0000000000000000e+00  0.0000000000000000e+00  0.0000000000000000e+00 -4.7169327734114125e-01 -8.6907402571651082e-01 -1.4721370320005547e-01  2.3109996390021571e-02  2.6319014763148932e-03 -1.5183127834927838e-03  7.3052040864298666e-04 -2.3520393775205127e-04 -1.1281430674548144e-04 -1.2446821125643467e-05 -4.6223565101823984e-06  8.3313896402817134e-05 -3.2079149073329428e-05 -1.7286384010287595e-05 -3.3260400753202518e-05  1.0580929376147801e-05  5.0501612436582289e-06  3.4950299452618106e-07 -3.9564805880976998e-06 -3.9449255275977783e-08  7.0154394278180148e-07 -7.5028345334492330e-07
  0.0000000000000000e+00  0.0000000000000000e+00  0.0000000000000000e+00  0.0000000000000000e+00  0.0000000000000000e+00  0.0000000000000000e+00  0.0000000000000000e+00  0.0000000000000000e+00  0.0000000000000000e+00 -1.6903598107052800e-01  9.7346962796498238e-01 -1.5281783624106199e-01 -1.7403788474141049e-02  1.0040039400901641e-02 -4.8306605632772847e-03  1.5553164196150859e-03  7.4599917554828425e-04  8.2306212445868698e-05  3.0565929492133560e-05 -5.5092390159731345e-04  2.1212751690248519e-04  1.1430844714561967e-04  2.1993869621760912e-04 -6.9967762235591068e-05 -3.3394843551665347e-05 -2.3111336965125714e-06  2.6162738946333984e-05  2.6086329616214187e-07 -4.6390499398878650e-06  4.9613462491560351e-06
  0.0000000000000000e+00  0.0000000000000000e+00  0.0000000000000000e+00  0.0000000000000000e+00  0.0000000000000000e+00  0.0000000000000000e+00  0.0000000000000000e+00  0.0000000000000000e+00  0.0000000000000000e+00  0.0000000000000000e+00 -1.5647135660003073e-01 -9.7870432413826958e-01 -1.1146056936155486e-01  6.4300282073623163e-02 -3.0937412137323126e-02  9.9608458195897687e-03  4.7776662520006910e-03  5.2712070793324160e-04  1.9575599354820897e-04 -3.5283290094087661e-03  1.3585463789297621e-03  7.3207535362870390e-04  1.4085721819405564e-03 -4.4810051715580694e-04 -2.1387344953882953e-04 -1.4801390976839011e-05  1.6755626416334242e-04  1.6706690936267116e-06 -2.9710263852313789e-05  3.1774373640107045e-05
  0.0000000000000000e+00  0.0000000000000000e+00  0.0000000000000000e+00  0.0000000000000000e+00  0.0000000000000000e+00  0.0000000000000000e+00  0.0000000000000000e+00  0.0000000000000000e+00  0.0000000000000000e+00  0.0000000000000000e+00  0.0000000000000000e+00  1.3452750803349106e-01 -8.3124099173125099e-01  4.7953308103155451e-01 -2.3072235584234385e-01  7.4285134240609632e-02  3.5630466058284828e-02  3.9311152144144617e-03  1.4598921138337135e-03 -2.6313266850641996e-02  1.0131649656941263e-02  5.4596082404566055e-03  1.0504727762903171e-02 -3.3418052716708583e-03 -1.5950069097795273e-03 -1.1038453315880330e-04  1.2495866115857176e-03  1.2459371436873531e-05 -2.2157063552299386e-04  2.3696417493226994e-04
  0.0000000000000000e+00  0.0000000000000000e+00  0.0000000000000000e+00  0.0000000000000000e+00  0.0000000000000000e+00  0.0000000000000000e+00  0.0000000000000000e+00  0.0000000000000000e+00  0.0000000000000000e+00  0.0000000000000000e+00  0.0000000000000000e+00  0.0000000000000000e+00 -5.4433735325568411e-01 -7.4577717616897343e-01  3.5882293386101921e-01 -1.1552937604663294e-01 -5.5413045342712408e-02 -6.1137304594174385e-03 -2.2704465264923347e-03  4.0922794743249724e-02 -1.5756896385193918e-02 -8.4908661729818386e-03 -1.6337113157217687e-02  5.1972266302296776e-03  2.4805791220629107e-03  1.7167171293962449e-04 -1.9433761953654035e-03 -1.9377004871162316e-05  3.4459003855758977e-04 -3.6853030630137093e-04
  0.0000000000000000e+00  0.0000000000000000e+00  0.0000000000000000e+00  0.0000000000000000e+00  0.0000000000000000e+00  0.0000000000000000e+00  0.0000000000000000e+00  0.0000000000000000e+00  0.0000000000000000e+00  0.0000000000000000e+00  0.0000000000000000e+00  0.0000000000000000e+00  0.0000000000000000e+00 -4.5784946660930709e-01 -8.3057903342236339e-01  2.6741957782962478e-01  1.2826636565422608e-01  1.4151649341216875e-02  5.2554759003826000e-03 -9.4725314619815051e-02  3.6472996941772237e-02  1.9654082148510152e-02  3.7816043442444360e-02 -1.2030188328723431e-02 -5.7418766057152808e-03 -3.9737405818821529e-04  4.4983956419792767e-03  4.4852578967943205e-05 -7.9763369100313303e-04  8.5304900191579623e-04
  0.0000000000000000e+00  0.0000000000000000e+00  0.0000000000000000e+00  0.0000000000000000e+00  0.0000000000000000e+00  0.0000000000000000e+00  0.0000000000000000e+00  0.0000000000000000e+00  0.0000000000000000e+00  0.0000000000000000e+00  0.0000000000000000e+00  0.0000000000000000e+00  0.0000000000000000e+00  0.0000000000000000e+00 -3.5660989997919995e-01 -7.8803987862669045e-01 -3.7797909951993597e-01 -4.1702496577588274e-02 -1.5486990983515801e-02  2.7913934365505788e-01 -1.0747970031370600e-01 -5.7917227439116682e-02 -1.1143742925026860e-01  3.5450912858980728e-02  1.6920330890433568e-02  1.1709935642166965e-03 -1.3256004607032463e-02 -1.3217289913048549e-04  2.3504904246282720e-03 -2.5137898929772106e-03
  0.0000000000000000e+00  0.0000000000000000e+00  0.0000000000000000e+00  0.0000000000000000e+00  0.0000000000000000e+00  0.0000000000000000e+00  0.0000000000000000e+00  0.0000000000000000e+00  0.0000000000000000e+00  0.0000000000000000e+00  0.0000000000000000e+00  0.0000000000000000e+00  0.0000000000000000e+00  0.0000000000000000e+00  0.0000000000000000e+00  5.3713396148279957e-01 -6.3533680241845447e-01 -7.0096814512025762e-02 -2.6031744461657454e-02  4.6919921829602812e-01 -1.8066027780089491e-01 -9.7351801019807366e-02 -1.8731273781942048e-01  5.9588664154304978e-02  2.8441014165713846e-02  1.9682974738204676e-03 -2.2281728250511636e-02 -2.2216653568039537e-04  3.9508879522576800e-03 -4.2253744574353991e-03
  0.0000000000000000e+00  0.0000000000000000e+00  0.0000000000000000e+00  0.0000000000000000e+00  0.0000000000000000e+00  0.0000000000000000e+00  0.0000000000000000e+00  0.0000000000000000e+00  0.0000000000000000e+00  0.0000000000000000e+00  0.0000000000000000e+00  0.0000000000000000e+00  0.0000000000000000e+00  0.0000000000000000e+00  0.0000000000000000e+00  0.0000000000000000e+00  6.5777135280907051e-01 -9.5161286609982312e-02 -3.5339898295215902e-02  6.3697047576659760e-01 -2.4525885512102069e-01 -1.3216182080933950e-01 -2.5429003091540364e-01  8.0895743804748274e-02  3.8610648990871625e-02  2.6721003135998385e-03 -3.0248991241234091e-02 -3.0160647847131373e-04  5.3636043721247539e-03 -5.7362388373515304e-03
  0.0000000000000000e+00  0.0000000000000000e+00  0.0000000000000000e+00  0.0000000000000000e+00  0.0000000000000000e+00  0.0000000000000000e+00  0.0000000000000000e+00  0.0000000000000000e+00  0.0000000000000000e+00  0.0000000000000000e+00  0.0000000000000000e+00  0.0000000000000000e+00  0.0000000000000000e+00  0.0000000000000000e+00  0.0000000000000000e+00  0.0000000000000000e+00  0.0000000000000000e+00  9.9198703748050521e-01 -5.9755600113334832e-03  1.0770419517325582e-01 -4.1470379876135686e-02 -2.2347005213657359e-02 -4.2997445191418258e-02  1.3678516212146868e-02  6.5286053795100898e-03  4.5182064891172619e-04 -5.1147476694567819e-03 -5.0998098434150718e-05  9.0692224224711267e-04 -9.6993033555436493e-04
  0.0000000000000000e+00  0.0000000000000000e+00  0.0000000000000000e+00  0.0000000000000000e+00  0.0000000000000000e+00  0.0000000000000000e+00  0.0000000000000000e+00  0.0000000000000000e+00  0.0000000000000000e+00  0.0000000000000000e+00  0.0000000000000000e+00  0.0000000000000000e+00  0.0000000000000000e+00  0.0000000000000000e+00  0.0000000000000000e+00  0.0000000000000000e+00  0.0000000000000000e+00  0.0000000000000000e+00  9.9888084381475428e-01  4.0366205634155952e-02 -1.5542587539081578e-02 -8.3753822802441862e-03 -1.6114912808624930e-02  5.1265393822538998e-03  2.4468408758788981e-03  1.6933681361612637e-04 -1.9169444222668446e-03 -1.9113459090728420e-05  3.3990328478706444e-04 -3.6351794201527410e-04
  0.0000000000000000e+00  0.0000000000000000e+00  0.0000000000000000e+00  0.0000000000000000e+00  0.0000000000000000e+00  0.0000000000000000e+00  0.0000000000000000e+00  0.0000000000000000e+00  0.0000000000000000e+00  0.0000000000000000e+00  0.0000000000000000e+00  0.0000000000000000e+00  0.0000000000000000e+00  0.0000000000000000e+00  0.0000000000000000e+00  0.0000000000000000e+00  0.0000000000000000e+00  0.0000000000000000e+00  0.0000000000000000e+00  5.2117137223625931e-01  5.3812490616121778e-01  2.8997757241437100e-01  5.5794029926692124e-01 -1.7749416029154835e-01 -8.4716010986776072e-02 -5.8628820141875962e-03  6.6369614117005052e-02  6.6175778992731856e-04 -1.1768337979117282e-02  1.2585938984934783e-02
  0.0000000000000000e+00  0.0000000000000000e+00  0.0000000000000000e+00  0.0000000000000000e+00  0.0000000000000000e+00  0.0000000000000000e+00  0.0000000000000000e+00  0.0000000000000000e+00  0.0000000000000000e+00  0.0000000000000000e+00  0.0000000000000000e+00  0.0000000000000000e+00  0.0000000000000000e+00  0.0000000000000000e+00  0.0000000000000000e+00  0.0000000000000000e+00  0.0000000000000000e+00  0.0000000000000000e+00  0.0000000000000000e+00  0.0000000000000000e+00  7.7616698678848939e-01 -2.7601589008523392e-01 -5.3107689341063313e-01  1.6894826806742017e-01  8.0637150598570281e-02  5.5805991619871194e-03 -6.3174086059804471e-02 -6.2989583603595216e-04  1.1201722447307928e-02 -1.1979958044896906e-02
  0.0000000000000000e+00  0.0000000000000000e+00  0.0000000000000000e+00  0.0000000000000000e+00  0.0000000000000000e+00  0.0000000000000000e+00  0.0000000000000000e+00  0.0000000000000000e+00  0.0000000000000000e+00  0.0000000000000000e+00  0.0000000000000000e+00  0.0000000000000000e+00  0.0000000000000000e+00  0.0000000000000000e+00  0.0000000000000000e+00  0.0000000000000000e+00  0.0000000000000000e+00  0.0000000000000000e+00  0.0000000000000000e+00  0.0000000000000000e+00  0.0000000000000000e+00 -8.9909478950242405e-01  4.1008895769903358e-01 -1.3045911056660192e-01 -6.2266698949033202e-02 -4.3092480996078254e-03  4.8782003938218334e-02  4.8639534136013507e-04 -8.6497882695462814e-03  9.2507291672192342e-03
  0.0000000000000000e+00  0.0000000000000000e+00  0.0000000000000000e+00  0.0000000000000000e+00  0.0000000000000000e+00  0.0000000000000000e+00  0.0000000000000000e+00  0.0000000000000000e+00  0.0000000000000000e+00  0.0000000000000000e+00  0.0000000000000000e+00  0.0000000000000000e+00  0.0000000000000000e+00  0.0000000000000000e+00  0.0000000000000000e+00  0.0000000000000000e+00  0.0000000000000000e+00  0.0000000000000000e+00  0.0000000000000000e+00  0.0000000000000000e+00  0.0000000000000000e+00  0.0000000000000000e+00 -3.4985913166545518e-01 -7.9799292300757763e-01 -3.8087324744564288e-01 -2.6358829766935661e-02  2.9838999931670290e-01  2.9751853933657597e-03 -5.2909067022099993e-02  5.6584905232295514e-02
  0.0000000000000000e+00  0.0000000000000000e+00  0.0000000000000000e+00  0.0000000000000000e+00  0.0000000000000000e+00  0.0000000000000000e+00  0.0000000000000000e+00  0.0000000000000000e+00  0.0000000000000000e+00  0.0000000000000000e+00  0.0000000000000000e+00  0.0000000000000000e+00  0.0000000000000000e+00  0.0000000000000000e+00  0.0000000000000000e+00  0.0000000000000000e+00  0.0000000000000000e+00  0.0000000000000000e+00  0.0000000000000000e+00  0.0000000000000000e+00  0.0000000000000000e+00  0.0000000000000000e+00  0.0000000000000000e+00  5.2382423606755202e-01 -6.6114695882790786e-01 -4.5755537453859053e-02  5.1796665141479847e-01  5.1645390900123900e-03 -9.1843333683014020e-02  9.8224115925171968e-02
  0.0000000000000000e+00  0.0000000000000000e+00  0.0000000000000000e+00  0.0000000000000000e+00  0.0000000000000000e+00  0.0000000000000000e+00  0.0000000000000000e+00  0.0000000000000000e+00  0.0000000000000000e+00  0.0000000000000000e+00  0.0000000000000000e+00  0.0000000000000000e+00  0.0000000000000000e+00  0.0000000000000000e+00  0.0000000000000000e+00  0.0000000000000000e+00  0.0000000000000000e+00  0.0000000000000000e+00  0.0000000000000000e+00  0.0000000000000000e+00  0.0000000000000000e+00  0.0000000000000000e+00  0.0000000000000000e+00  0.0000000000000000e+00  6.3054554130990936e-01 -6.6118507661529061e-02  7.4848169021119138e-01  7.4629571936642297e-03 -1.3271714200503987e-01  1.4193761723145612e-01
  0.0000000000000000e+00  0.0000000000000000e+00  0.0000000000000000e+00  0.0000000000000000e+00  0.0000000000000000e+00  0.0000000000000000e+00  0.0000000000000000e+00  0.0000000000000000e+00  0.0000000000000000e+00  0.0000000000000000e+00  0.0000000000000000e+00  0.0000000000000000e+00  0.0000000000000000e+00  0.0000000000000000e+00  0.0000000000000000e+00  0.0000000000000000e+00  0.0000000000000000e+00  0.0000000000000000e+00  0.0000000000000000e+00  0.0000000000000000e+00  0.0000000000000000e+00  0.0000000000000000e+00  0.0000000000000000e+00  0.0000000000000000e+00  0.0000000000000000e+00 -9.9636493394442460e-01 -8.2450243700241607e-02 -8.2209444451268761e-04  1.4619677200690854e-02 -1.5635373963073317e-02
  0.0000000000000000e+00  0.0000000000000000e+00  0.0000000000000000e+00  0.0000000000000000e+00  0.0000000000000000e+00  0.0000000000000000e+00  0.0000000000000000e+00  0.0000000000000000e+00  0.0000000000000000e+00  0.0000000000000000e+00  0.0000000000000000e+00  0.0000000000000000e+00  0.0000000000000000e+00  0.0000000000000000e+00  0.0000000000000000e+00  0.0000000000000000e+00  0.0000000000000000e+00  0.0000000000000000e+00  0.0000000000000000e+00  0.0000000000000000e+00  0.0000000000000000e+00  0.0000000000000000e+00  0.0000000000000000e+00  0.0000000000000000e+00  0.0000000000000000e+00  0.0000000000000000e+00 -2.5146145220091176e-01  3.7144113494246768e-02 -6.6055056425251413e-01  7.0644207473466658e-01
  0.0000000000000000e+00  0.0000000000000000e+00  0.0000000000000000e+00  0.0000000000000000e+00  0.0000000000000000e+00  0.0000000000000000e+00  0.0000000000000000e+00  0.0000000000000000e+00  0.0000000000000000e+00  0.0000000000000000e+00  0.0000000000000000e+00  0.0000000000000000e+00  0.0000000000000000e+00  0.0000000000000000e+00  0.0000000000000000e+00  0.0000000000000000e+00  0.0000000000000000e+00  0.0000000000000000e+00  0.0000000000000000e+00  0.0000000000000000e+00  0.0000000000000000e+00  0.0000000000000000e+00  0.0000000000000000e+00  0.0000000000000000e+00  0.0000000000000000e+00  0.0000000000000000e+00  0.0000000000000000e+00 -9.9926332089850667e-01 -2.6211053198830638e-02  2.8032056597690137e-02
  0.0000000000000000e+00  0.0000000000000000e+00  0.0000000000000000e+00  0.0000000000000000e+00  0.0000000000000000e+00  0.0000000000000000e+00  0.0000000000000000e+00  0.0000000000000000e+00  0.0000000000000000e+00  0.0000000000000000e+00  0.0000000000000000e+00  0.0000000000000000e+00  0.0000000000000000e+00  0.0000000000000000e+00  0.0000000000000000e+00  0.0000000000000000e+00  0.0000000000000000e+00  0.0000000000000000e+00  0.0000000000000000e+00  0.0000000000000000e+00  0.0000000000000000e+00  0.0000000000000000e+00  0.0000000000000000e+00  0.0000000000000000e+00  0.0000000000000000e+00  0.0000000000000000e+00  0.0000000000000000e+00  0.0000000000000000e+00  7.3043367523718850e-01  6.8298363529406281e-01
-189.9408563690837
 -3.016674935928407   25.012560162359435  -42.10634452411847     1.4512086500446344 -32.022639433774295   38.94287243929587   -13.389032891483502  -30.26827963478072    40.48356305871964    60.703346902449596  -34.02210984218239    67.8109597182937     62.6023140043952      0.5687715109996958 -44.86555313852721    27.13718073690066    30.475626021568672   49.59655206313124   -21.41763559019318    44.69373624085239   -26.40367119223376    65.4325840326413    -10.68899558091784    12.033964016922312   53.74603126206304   -28.923332000037156  -67.05638782439051   -33.67579256797252   -55.66695514520789    26.857187361295615 
