500000
1.e-08
30
1
-100
100
 49.96447615786515    44.96423306699829    18.054008547324216  -55.46133324839407    58.016127244615035  -39.295653848764765   41.383469267254924   66.42406352478221   -10.734976558014871  -19.26931607119107    -1.5356560536685606  27.28868658610692   -23.995459778070348   46.56792224419341   -21.835431160512307    1.3003065456327931  29.579816802163847   44.16585138349559     5.87390470920252     9.020148410757187  -50.24466304743787   -66.5243559875164     68.64194183361909   -41.43088239676459    33.85237980997091    64.55997422212252    -7.449579198651506   -6.0579483073633185  20.177824336270717  -21.765356618341777 
-624.0560461570109
7.9310551724137928e+04 8.2758793103448275e+04 5.5172862068965514e+04 8.6207034482758623e+04 2.4138689655172413e+04 4.4828137931034486e+04 3.4492413793103447e+03 1.0345724137931034e+04 3.1035172413793105e+04 5.1724620689655174e+04 4.1379896551724138e+04 6.2069344827586210e+04 2.7586931034482757e+04 6.5517586206896551e+04 7.2414068965517246e+04 9.6551758620689652e+04 1.0000000000000000e+00 9.3103517241379304e+04 1.0000000000000000e+05 6.8974827586206893e+03 1.7242206896551725e+04 3.4483413793103449e+04 4.8276379310344826e+04 3.7931655172413790e+04 5.8621103448275862e+04 8.9655275862068971e+04 1.3793965517241379e+04 6.8965827586206899e+04 2.0690448275862069e+04 7.5862310344827580e+04
0.8 0.8
49.59899701613156  38.244675247110266 39.17643078689134  33.61895255779504 
1
-5.5151388204515273e-01 -7.0702378167197011e-01 -7.8452052987537477e-02  3.8928621845184391e-01  2.8204978984087078e-02 -1.9336460795890345e-01  5.4002995068456556e-03 -5.6551529642135945e-03  2.4431312145786500e-04  1.0956312941214682e-03 -1.0858740741126912e-03 -1.1173494632445438e-03  5.0680053929159420e-04  1.6202212827182936e-04 -8.1484864062175146e-04  3.8762469724031902e-04  4.8768774851560469e-05 -1.6409856644723652e-06  3.4107220257973139e-05  1.9250102950367717e-05 -1.3435175811389228e-05  3.5523260117515445e-07 -1.1004397681056730e-06 -2.6867009167649063e-06 -2.1204973137474085e-06  7.7241933968396046e-08  3.7282588142059844e-08  1.0840259036824787e-08 -6.6733667889740628e-10 -6.4305900950960439e-09
 -8.3416571369931369e-01  4.6745319799695040e-01  5.1869065806707484e-02 -2.5737901958704112e-01 -1.8647898369655337e-02  1.2784422067962731e-01 -3.5704418154742742e-03  3.7389397737544040e-03 -1.6152914922893324e-04 -7.2438348686301658e-04  7.1793243979091290e-04  7.3874259029686762e-04 -3.3507434824639226e-04 -1.0712194408487093e-04  5.3874227828849635e-04 -2.5628049443979597e-04 -3.2243780701187396e-05  1.0849479417944861e-06 -2.2550202125694640e-05 -1.2727326037944883e-05  8.8827505686350123e-06 -2.3486425740788412e-07  7.2756263953039406e-07  1.7763291252143251e-06  1.4019800696252400e-06 -5.1068988043952641e-08 -2.4649616474562764e-08 -7.1671051034463150e-09  4.4121382162501004e-10  4.2516248857309584e-09
  0.0000000000000000e+00 -5.3066456432730680e-01  1.5021509486446843e-01 -7.4538095572162077e-01 -5.4005133484754310e-02  3.7024248342604354e-01 -1.0340156462778952e-02  1.0828133957531629e-02 -4.6779551737489278e-04 -2.0978464235866614e-03  2.0791639076623834e-03  2.1394310183916387e-03 -9.7039004319165664e-04 -3.1022985940676627e-04  1.5602213223231251e-03 -7.4219957860140488e-04 -9.3379406424390251e-05  3.1420569363443833e-06 -6.5306376716854544e-05 -3.6858895729594560e-05  2.5724836153736368e-05 -6.8017721464796400e-07  2.1070533894745442e-06  5.1443272382993744e-06  4.0601959160331703e-06 -1.4789803449019756e-07 -7.1386372966454840e-08 -2.0756251462670106e-08  1.2777746242413509e-09  1.2312892580679992e-08
  0.0000000000000000e+00  0.0000000000000000e+00 -9.8416985356656750e-01 -1.5836472002327767e-01 -1.1474009066750262e-02  7.8662255559942620e-02 -2.1968846542900419e-03  2.3005610612883308e-03 -9.9388514783689910e-05 -4.4571149688349805e-04  4.4174218242628291e-04  4.5454662026976178e-04 -2.0617047742338160e-04 -6.5911886332338537e-05  3.3148688732574595e-04 -1.5768880002147979e-04 -1.9839524260479400e-05  6.6756597844607699e-07 -1.3875087611390365e-05 -7.8310944997693803e-06  5.4655360374576601e-06 -1.4451143852965120e-07  4.4766762222303917e-07  1.0929712337668876e-06  8.6263511905768107e-07 -3.1422631131429934e-08 -1.5166852441735890e-08 -4.4099033204252185e-09  2.7147785178509998e-10  2.6160150339879674e-09
  0.0000000000000000e+00  0.0000000000000000e+00  0.0000000000000000e+00  4.4893220724219490e-01 -1.2886325088923717e-01  8.8344657170513685e-01 -2.4672954041919135e-02  2.5837331616365224e-02 -1.1162207595942499e-03 -5.0057335769025128e-03  4.9611546715013811e-03  5.1049598120342871e-03 -2.3154764654275913e-03 -7.4024866945940435e-04  3.7228903759310267e-03 -1.7709844293635312e-03 -2.2281537145633055e-04  7.4973552543984834e-06 -1.5582948257885141e-04 -8.7950104395980003e-05  6.1382794587467725e-05 -1.6229910270486920e-06  5.0277025913013717e-06  1.2275031812530380e-05  9.6881539073492177e-06 -3.5290388699651373e-07 -1.7033714197273177e-07 -4.9527107279703840e-08  3.0489359318035390e-09  2.9380158207447315e-08
  0.0000000000000000e+00  0.0000000000000000e+00  0.0000000000000000e+00  0.0000000000000000e+00 -9.8954676003228359e-01 -1.4408539331987577e-01  4.0240263546799685e-03 -4.2139300864507487e-03  1.8204961378425917e-04  8.1640827457218977e-04 -8.0913769441011592e-04 -8.3259154085508179e-04  3.7764178155122533e-04  1.2073058417976632e-04 -6.0718343506327866e-04  2.8883805341585261e-04  3.6339990965197764e-05 -1.2227783946275758e-06  2.5414952083486571e-05  1.4344189892502622e-05 -1.0011204281587686e-05  2.6470112395771525e-07 -8.1999130288639826e-07 -2.0019917936958632e-06 -1.5800858942602958e-06  5.7556729507550851e-08  2.7781073450490677e-08  8.0776053254905842e-09 -4.9726508315393647e-10 -4.7917460848250748e-09
  0.0000000000000000e+00  0.0000000000000000e+00  0.0000000000000000e+00  0.0000000000000000e+00  0.0000000000000000e+00 -4.1955822227123338e-02 -6.6448237361631834e-01  6.9584093624076249e-01 -3.0061622072283682e-02 -1.3481246401301861e-01  1.3361188232248275e-01  1.3748478627055416e-01 -6.2359508925684065e-02 -1.9936088403237118e-02  1.0026343134709530e-01 -4.7695461810599089e-02 -6.0007766663025784e-03  2.0191584707787098e-04 -4.1967388374928392e-03 -2.3686379032503597e-03  1.6531374790949385e-03 -4.3709761230010265e-05  1.3540412493894444e-04  3.3058636842382623e-04  2.6091758179333464e-04 -9.5042698207704620e-06 -4.5874534610147868e-06 -1.3338447332919303e-06  8.2112753159869044e-08  7.9125495997515519e-07
  0.0000000000000000e+00  0.0000000000000000e+00  0.0000000000000000e+00  0.0000000000000000e+00  0.0000000000000000e+00  0.0000000000000000e+00 -7.4678281399385815e-01 -6.2024644435781529e-01  2.6795799486437444e-02  1.2016676097115833e-01 -1.1909660759855147e-01 -1.2254876854226965e-01  5.5584921306889343e-02  1.7770279531574559e-02 -8.9371052424878583e-02  4.2513941131213193e-02  5.3488666688211502e-03 -1.7998019329839099e-04  3.7408151867521569e-03  2.1113147573626804e-03 -1.4735445847476026e-03  3.8961237510841895e-05 -1.2069414527187720e-04 -2.9467225753601655e-04 -2.3257212093908845e-04  8.4717487223408868e-06  4.0890835098366150e-06  1.1889390377335684e-06 -7.3192220421791559e-08 -7.0529491719249251e-07
  0.0000000000000000e+00  0.0000000000000000e+00  0.0000000000000000e+00  0.0000000000000000e+00  0.0000000000000000e+00  0.0000000000000000e+00  0.0000000000000000e+00 -3.6089598682911367e-01 -1.0411585293867143e-01 -4.6691142093827481e-01  4.6275330909613499e-01  4.7616678016344571e-01 -2.1597681738605756e-01 -6.9046934439293467e-02  3.4725380580462256e-01 -1.6518914633993714e-01 -2.0783175951194041e-02  6.9931824004032723e-04 -1.4535045466800447e-02 -8.2035744780102962e-03  5.7255000494316095e-03 -1.5138501379817506e-04  4.6896058787295071e-04  1.1449575686761939e-03  9.0366569407959122e-04 -3.2917224378957726e-05 -1.5888252096362375e-05 -4.6196569752795822e-06  2.8439048670845358e-07  2.7404437741808541e-06
  0.0000000000000000e+00  0.0000000000000000e+00  0.0000000000000000e+00  0.0000000000000000e+00  0.0000000000000000e+00  0.0000000000000000e+00  0.0000000000000000e+00  0.0000000000000000e+00  9.9374875073782232e-01 -5.6244270043570847e-02  5.5743382819928487e-02  5.7359173000034576e-02 -2.6016623058398670e-02 -8.3174115091901920e-03  4.1830282900522327e-02 -1.9898727121174062e-02 -2.5035467288698787e-03  8.4240055341080629e-05 -1.7508953211885106e-03 -9.8820469487884708e-04  6.8969521085516811e-04 -1.8235877759220347e-05  5.6491113220391529e-05  1.3792188366616845e-04  1.0885580229497651e-04 -3.9652173282342249e-06 -1.9139029403743624e-06 -5.5648506927535531e-07  3.4257751288476993e-08  3.3011456298180120e-07
  0.0000000000000000e+00  0.0000000000000000e+00  0.0000000000000000e+00  0.0000000000000000e+00  0.0000000000000000e+00  0.0000000000000000e+00  0.0000000000000000e+00  0.0000000000000000e+00  0.0000000000000000e+00 -8.6381931417413227e-01 -2.9121346412982674e-01 -2.9965464282857324e-01  1.3591552113496086e-01  4.3451654629733751e-02 -2.1852892617483582e-01  1.0395453170559243e-01  1.3078978681294692e-02 -4.4008520999902734e-04  9.1469922709772472e-03  5.1625591757618536e-03 -3.6030919077103558e-03  9.5267507371513206e-05 -2.9511974231278946e-04 -7.2052874242459577e-04 -5.6868230224482676e-04  2.0715008952952997e-05  9.9985734105003561e-06  2.9071781539291008e-06 -1.7896865818571824e-07 -1.7245778885752510e-06
  0.0000000000000000e+00  0.0000000000000000e+00  0.0000000000000000e+00  0.0000000000000000e+00  0.0000000000000000e+00  0.0000000000000000e+00  0.0000000000000000e+00  0.0000000000000000e+00  0.0000000000000000e+00  0.0000000000000000e+00 -8.1601418559663963e-01  4.2132325238700519e-01 -1.9110122531028598e-01 -6.1094306023048973e-02  3.0725810568966833e-01 -1.4616313294910144e-01 -1.8389429190509236e-02  6.1877276538739492e-04 -1.2860940504004279e-02 -7.2587102340232997e-03  5.0660533301807821e-03 -1.3394892091003364e-04  4.1494704871291568e-04  1.0130846307971914e-03  7.9958406415811946e-04 -2.9125912626947175e-05 -1.4058288664501710e-05 -4.0875780983062511e-06  2.5163520388129624e-07  2.4248072986638681e-06
  0.0000000000000000e+00  0.0000000000000000e+00  0.0000000000000000e+00  0.0000000000000000e+00  0.0000000000000000e+00  0.0000000000000000e+00  0.0000000000000000e+00  0.0000000000000000e+00  0.0000000000000000e+00  0.0000000000000000e+00  0.0000000000000000e+00 -6.8462788128460839e-01 -3.5198223278665042e-01 -1.1252732791026343e-01  5.6592726659311976e-01 -2.6921243337390383e-01 -3.3870805043964572e-02  1.1396945215552342e-03 -2.3688087540964811e-02 -1.3369548160533491e-02  9.3309750352359409e-03 -2.4671553091678878e-04  7.6427552181865428e-04  1.8659628674324443e-03  1.4727241217110647e-03 -5.3645934199198257e-05 -2.5893438544186199e-05 -7.5287579312773980e-06  4.6347751442227578e-07  4.4661622952719804e-06
  0.0000000000000000e+00  0.0000000000000000e+00  0.0000000000000000e+00  0.0000000000000000e+00  0.0000000000000000e+00  0.0000000000000000e+00  0.0000000000000000e+00  0.0000000000000000e+00  0.0000000000000000e+00  0.0000000000000000e+00  0.0000000000000000e+00  0.0000000000000000e+00 -8.7567556841506122e-01  8.5135018588709838e-02 -4.2816468902278593e-01  2.0367857253196775e-01  2.5625700623870259e-02 -8.6226089324214627e-04  1.7921742305471441e-02  1.0115024966000774e-02 -7.0595538686309117e-03  1.8665804743425780e-04 -5.7822941293705454e-04 -1.4117351434078994e-03 -1.1142217433430866e-03  4.0587008418964571e-05  1.9590248988608970e-05  5.6960469810528305e-06 -3.5065408144460676e-07 -3.3789730644932089e-06
  0.0000000000000000e+00  0.0000000000000000e+00  0.0000000000000000e+00  0.0000000000000000e+00  0.0000000000000000e+00  0.0000000000000000e+00  0.0000000000000000e+00  0.0000000000000000e+00  0.0000000000000000e+00  0.0000000000000000e+00  0.0000000000000000e+00  0.0000000000000000e+00  0.0000000000000000e+00  9.8433656782751766e-01  1.5880393512589927e-01 -7.5543265589519584e-02 -9.5044318313980414e-03  3.1980783671009045e-04 -6.6470759392064475e-03 -3.7516072896243780e-03  2.6183498156528108e-03 -6.9230446170444069e-05  2.1446211827864234e-04  5.2360482280865844e-04  4.1325873427246922e-04 -1.5053498845572875e-05 -7.2659159179791957e-06 -2.1126325884502115e-06  1.3005567583925093e-07  1.2532425795098303e-06
  0.0000000000000000e+00  0.0000000000000000e+00  0.0000000000000000e+00  0.0000000000000000e+00  0.0000000000000000e+00  0.0000000000000000e+00  0.0000000000000000e+00  0.0000000000000000e+00  0.0000000000000000e+00  0.0000000000000000e+00  0.0000000000000000e+00  0.0000000000000000e+00  0.0000000000000000e+00  0.0000000000000000e+00  4.3431274127217129e-01  8.8869385612878238e-01  1.1181049837657653e-01 -3.7622315822354907e-03  7.8196454737505486e-02  4.4134051167622292e-02 -3.0802367043679984e-02  8.1442960783606325e-04 -2.5229405347951370e-03 -6.1597070955059507e-03 -4.8615915035377004e-03  1.7708993426355537e-04  8.5476511838167884e-05  2.4853090304764630e-05 -1.5299799283372997e-06 -1.4743193479365388e-05
  0.0000000000000000e+00  0.0000000000000000e+00  0.0000000000000000e+00  0.0000000000000000e+00  0.0000000000000000e+00  0.0000000000000000e+00  0.0000000000000000e+00  0.0000000000000000e+00  0.0000000000000000e+00  0.0000000000000000e+00  0.0000000000000000e+00  0.0000000000000000e+00  0.0000000000000000e+00  0.0000000000000000e+00  0.0000000000000000e+00  1.6314480275634646e-01 -7.5065652579088260e-01  2.5258305165852528e-02 -5.2498360972082758e-01 -2.9630056210808181e-01  2.0679630416519354e-01 -5.4677951426386363e-03  1.6938139120423228e-02  4.1354116074404354e-02  3.2639022639618272e-02 -1.1889197949829090e-03 -5.7385936334046538e-04 -1.6685494380418582e-04  1.0271749381416416e-05  9.8980637390680740e-05
  0.0000000000000000e+00  0.0000000000000000e+00  0.0000000000000000e+00  0.0000000000000000e+00  0.0000000000000000e+00  0.0000000000000000e+00  0.0000000000000000e+00  0.0000000000000000e+00  0.0000000000000000e+00  0.0000000000000000e+00  0.0000000000000000e+00  0.0000000000000000e+00  0.0000000000000000e+00  0.0000000000000000e+00  0.0000000000000000e+00  0.0000000000000000e+00 -6.4892744464776309e-01 -3.0016857707038363e-02  6.2388819075721857e-01  3.5212227237391441e-01 -2.4575580965186763e-01  6.4979034693787158e-03 -2.0129209321895662e-02 -4.9145047922056248e-02 -3.8788069580960635e-02  1.4129070053096994e-03  6.8197191934041550e-04  1.9828967434668658e-04 -1.2206901356199099e-05 -1.1762814998073303e-04
  0.0000000000000000e+00  0.0000000000000000e+00  0.0000000000000000e+00  0.0000000000000000e+00  0.0000000000000000e+00  0.0000000000000000e+00  0.0000000000000000e+00  0.0000000000000000e+00  0.0000000000000000e+00  0.0000000000000000e+00  0.0000000000000000e+00  0.0000000000000000e+00  0.0000000000000000e+00  0.0000000000000000e+00  0.0000000000000000e+00  0.0000000000000000e+00  0.0000000000000000e+00 -9.9922147759176738e-01 -3.2375151137491974e-02 -1.8272523756454342e-02  1.2752896429629791e-02 -3.3719280155413859e-04  1.0445560658611395e-03  2.5502620144240125e-03  2.0128119647384530e-03 -7.3319351957285684e-05 -3.5389264113773382e-05 -1.0289757477516037e-05  6.3344727818576515e-07  6.1040250321579637e-06
  0.0000000000000000e+00  0.0000000000000000e+00  0.0000000000000000e+00  0.0000000000000000e+00  0.0000000000000000e+00  0.0000000000000000e+00  0.0000000000000000e+00  0.0000000000000000e+00  0.0000000000000000e+00  0.0000000000000000e+00  0.0000000000000000e+00  0.0000000000000000e+00  0.0000000000000000e+00  0.0000000000000000e+00  0.0000000000000000e+00  0.0000000000000000e+00  0.0000000000000000e+00  0.0000000000000000e+00  5.7146422394039331e-01 -6.6510355112972741e-01  4.6419404432517591e-01 -1.2273516932756570e-02  3.8020908223635026e-02  9.2827260465622549e-02  7.3264558489413600e-02 -2.6687589521450727e-03 -1.2881376184077703e-03 -3.7453798554467260e-04  2.3056915387837186e-05  2.2218106153174257e-04
  0.0000000000000000e+00  0.0000000000000000e+00  0.0000000000000000e+00  0.0000000000000000e+00  0.0000000000000000e+00  0.0000000000000000e+00  0.0000000000000000e+00  0.0000000000000000e+00  0.0000000000000000e+00  0.0000000000000000e+00  0.0000000000000000e+00  0.0000000000000000e+00  0.0000000000000000e+00  0.0000000000000000e+00  0.0000000000000000e+00  0.0000000000000000e+00  0.0000000000000000e+00  0.0000000000000000e+00  0.0000000000000000e+00  5.8576328128508226e-01  7.8266354109451519e-01 -2.0694005754079769e-02  6.4105903618819529e-02  1.5651323681187240e-01  1.2352915657806668e-01 -4.4997137670089362e-03 -2.1718898856311797e-03 -6.3149717154805231e-04  3.8875567803536647e-05  3.7461276918227107e-04
  0.0000000000000000e+00  0.0000000000000000e+00  0.0000000000000000e+00  0.0000000000000000e+00  0.0000000000000000e+00  0.0000000000000000e+00  0.0000000000000000e+00  0.0000000000000000e+00  0.0000000000000000e+00  0.0000000000000000e+00  0.0000000000000000e+00  0.0000000000000000e+00  0.0000000000000000e+00  0.0000000000000000e+00  0.0000000000000000e+00  0.0000000000000000e+00  0.0000000000000000e+00  0.0000000000000000e+00  0.0000000000000000e+00  0.0000000000000000e+00  2.5974804274844643e-01  9.4924962639489047e-02 -2.9405860703346126e-01 -7.1793800260365093e-01 -5.6663754289083546e-01  2.0640525874866408e-02  9.9626224473228740e-03  2.8967250772279265e-03 -1.7832515682045336e-04 -1.7183769803433069e-03
  0.0000000000000000e+00  0.0000000000000000e+00  0.0000000000000000e+00  0.0000000000000000e+00  0.0000000000000000e+00  0.0000000000000000e+00  0.0000000000000000e+00  0.0000000000000000e+00  0.0000000000000000e+00  0.0000000000000000e+00  0.0000000000000000e+00  0.0000000000000000e+00  0.0000000000000000e+00  0.0000000000000000e+00  0.0000000000000000e+00  0.0000000000000000e+00  0.0000000000000000e+00  0.0000000000000000e+00  0.0000000000000000e+00  0.0000000000000000e+00  0.0000000000000000e+00 -9.9515693216966861e-01 -3.0078730414749497e-02 -7.3436597733599604e-02 -5.7960343577190612e-02  2.1112825761910856e-03  1.0190588802689174e-03  2.9630084139543184e-04 -1.8240562220850054e-05 -1.7576971632997010e-04
  0.0000000000000000e+00  0.0000000000000000e+00  0.0000000000000000e+00  0.0000000000000000e+00  0.0000000000000000e+00  0.0000000000000000e+00  0.0000000000000000e+00  0.0000000000000000e+00  0.0000000000000000e+00  0.0000000000000000e+00  0.0000000000000000e+00  0.0000000000000000e+00  0.0000000000000000e+00  0.0000000000000000e+00  0.0000000000000000e+00  0.0000000000000000e+00  0.0000000000000000e+00  0.0000000000000000e+00  0.0000000000000000e+00  0.0000000000000000e+00  0.0000000000000000e+00  0.0000000000000000e+00 -9.5203394242439243e-01  2.4011649974572724e-01  1.8951361110574941e-01 -6.9032852530584695e-03 -3.3320287011746694e-03 -9.6881831543556187e-04  5.9641378945047949e-05  5.7471629063694449e-04
  0.0000000000000000e+00  0.0000000000000000e+00  0.0000000000000000e+00  0.0000000000000000e+00  0.0000000000000000e+00  0.0000000000000000e+00  0.0000000000000000e+00  0.0000000000000000e+00  0.0000000000000000e+00  0.0000000000000000e+00  0.0000000000000000e+00  0.0000000000000000e+00  0.0000000000000000e+00  0.0000000000000000e+00  0.0000000000000000e+00  0.0000000000000000e+00  0.0000000000000000e+00  0.0000000000000000e+00  0.0000000000000000e+00  0.0000000000000000e+00  0.0000000000000000e+00  0.0000000000000000e+00  0.0000000000000000e+00  6.1985820820458748e-01 -7.8405885663245301e-01  2.8560386301226953e-02  1.3785324433777682e-02  4.0082112110729606e-03 -2.4674930265321981e-04 -2.3777257743951923e-03
  0.0000000000000000e+00  0.0000000000000000e+00  0.0000000000000000e+00  0.0000000000000000e+00  0.0000000000000000e+00  0.0000000000000000e+00  0.0000000000000000e+00  0.0000000000000000e+00  0.0000000000000000e+00  0.0000000000000000e+00  0.0000000000000000e+00  0.0000000000000000e+00  0.0000000000000000e+00  0.0000000000000000e+00  0.0000000000000000e+00  0.0000000000000000e+00  0.0000000000000000e+00  0.0000000000000000e+00  0.0000000000000000e+00  0.0000000000000000e+00  0.0000000000000000e+00  0.0000000000000000e+00  0.0000000000000000e+00  0.0000000000000000e+00 -4.0849048314454274e-02 -8.9024220761030992e-01 -4.2969578657356511e-01 -1.2493804388635643e-01  7.6913050686177164e-03  7.4114958396013494e-02
  0.0000000000000000e+00  0.0000000000000000e+00  0.0000000000000000e+00  0.0000000000000000e+00  0.0000000000000000e+00  0.0000000000000000e+00  0.0000000000000000e+00  0.0000000000000000e+00  0.0000000000000000e+00  0.0000000000000000e+00  0.0000000000000000e+00  0.0000000000000000e+00  0.0000000000000000e+00  0.0000000000000000e+00  0.0000000000000000e+00  0.0000000000000000e+00  0.0000000000000000e+00  0.0000000000000000e+00  0.0000000000000000e+00  0.0000000000000000e+00  0.0000000000000000e+00  0.0000000000000000e+00  0.0000000000000000e+00  0.0000000000000000e+00  0.0000000000000000e+00 -4.5403099937285146e-01  8.4393511740569360e-01  2.4538197960109240e-01 -1.5105948554549367e-02 -1.4556395028730243e-01
  0.0000000000000000e+00  0.0000000000000000e+00  0.0000000000000000e+00  0.0000000000000000e+00  0.0000000000000000e+00  0.0000000000000000e+00  0.0000000000000000e+00  0.0000000000000000e+00  0.0000000000000000e+00  0.0000000000000000e+00  0.0000000000000000e+00  0.0000000000000000e+00  0.0000000000000000e+00  0.0000000000000000e+00  0.0000000000000000e+00  0.0000000000000000e+00  0.0000000000000000e+00  0.0000000000000000e+00  0.0000000000000000e+00  0.0000000000000000e+00  0.0000000000000000e+00  0.0000000000000000e+00  0.0000000000000000e+00  0.0000000000000000e+00  0.0000000000000000e+00  0.0000000000000000e+00 -3.2066561654887860e-01  8.1350022843474312e-01 -5.0079849465012143e-02 -4.8257947467490780e-01
  0.0000000000000000e+00  0.0000000000000000e+00  0.0000000000000000e+00  0.0000000000000000e+00  0.0000000000000000e+00  0.0000000000000000e+00  0.0000000000000000e+00  0.0000000000000000e+00  0.0000000000000000e+00  0.0000000000000000e+00  0.0000000000000000e+00  0.0000000000000000e+00  0.0000000000000000e+00  0.0000000000000000e+00  0.0000000000000000e+00  0.0000000000000000e+00  0.0000000000000000e+00  0.0000000000000000e+00  0.0000000000000000e+00  0.0000000000000000e+00  0.0000000000000000e+00  0.0000000000000000e+00  0.0000000000000000e+00  0.0000000000000000e+00  0.0000000000000000e+00  0.0000000000000000e+00  0.0000000000000000e+00 -5.1222012586701271e-01 -8.8651806125510615e-02 -8.5426658598324368e-01
  0.0000000000000000e+00  0.0000000000000000e+00  0.0000000000000000e+00  0.0000000000000000e+00  0.0000000000000000e+00  0.0000000000000000e+00  0.0000000000000000e+00  0.0000000000000000e+00  0.0000000000000000e+00  0.0000000000000000e+00  0.0000000000000000e+00  0.0000000000000000e+00  0.0000000000000000e+00  0.0000000000000000e+00  0.0000000000000000e+00  0.0000000000000000e+00  0.0000000000000000e+00  0.0000000000000000e+00  0.0000000000000000e+00  0.0000000000000000e+00  0.0000000000000000e+00  0.0000000000000000e+00  0.0000000000000000e+00  0.0000000000000000e+00  0.0000000000000000e+00  0.0000000000000000e+00  0.0000000000000000e+00  0.0000000000000000e+00 -9.9465844450104002e-01  1.0322101909384265e-01
-624.0560461570109
 49.96447615786515    44.96423306699829    18.054008547324216  -55.46133324839407    58.016127244615035  -39.295653848764765   41.383469267254924   66.42406352478221   -10.734976558014871  -19.26931607119107    -1.5356560536685606  27.28868658610692   -23.995459778070348   46.56792224419341   -21.835431160512307    1.3003065456327931  29.579816802163847   44.16585138349559     5.87390470920252     9.020148410757187  -50.24466304743787   -66.5243559875164     68.64194183361909   -41.43088239676459    33.85237980997091    64.55997422212252    -7.449579198651506   -6.0579483073633185  20.177824336270717  -21.765356618341777 
