1000000
1.e-08
30
5
-100
100
 3.1827019889664342e+01 -3.4234667407777948e+01  2.6700270933205928e+01  1.9516496993640843e+01  3.9866351120732759e+01  5.3458532824065571e+01  7.4252140992787133e+01  9.3654125673994884e+01 -1.3096533775622362e+01 -7.6386869545564124e+01 -5.9969726512230181e-01 -8.5679690078486061e+01 -9.3318776058070483e+01  9.1637814580315847e+01 -6.7660996488916140e+01  4.0805385393911848e+00  2.9455555617738298e+01  7.7212057736780650e+01 -2.6857319454624019e+01  2.9385265511038625e+01 -9.0124661859294349e+01 -5.9398583449406694e+01  9.7581860065804307e+01 -7.7363068124817545e+01  4.8650393210725696e+01 -2.7317672845485674e-01  4.6854120399584275e+01 -7.8291139608316257e+01 -1.3527923283180925e+01  5.6326903078603664e+01
 -4.3420757469878858e+01  5.5922731283679184e+01  5.8277807769600599e+01 -6.1530108426073959e+01  5.3299203494711065e+01  7.4011770470046713e+01  2.0389031006788045e+01 -5.0383395617335580e+01  4.6465147352296498e+01  3.1340255624154423e+01 -8.5186036037656692e+01  6.6483348458615950e+01  9.0776600080096898e+01  5.7727932069820753e+01  9.4704857035461032e-01  9.8320409367695419e+01 -6.8717711796965219e+01 -8.1142380973115309e+01 -4.7452172247699799e+01  7.3334633571146611e+01 -5.0679577102397680e+01  4.3649820895900859e+01 -4.3368169472692685e+01  4.0221321839613978e+01 -7.7180560103107965e+01 -1.9332868291319613e+01 -7.0039457518285374e+01 -2.9757636810175498e+01  2.0778090957183466e+01  2.6482003359128228e+01
  6.0126030019434609e+01  9.2972857728247789e+00 -5.7972644927420468e+01  4.8173997458597938e+01 -2.0166827351522727e+00  6.9888040969502811e+01 -5.4346901709818326e+01 -5.6917252687743485e+00  9.8186370560468959e+01 -7.7748144004087322e+01 -3.2266762509971073e+01 -3.4066314683897204e+01 -7.1443024707218953e+01 -4.8151438559616366e+01 -9.3431781899363102e+00  6.8974828473876983e+01 -9.1891001172198173e+01  1.8562164531717556e+01 -5.2095686595244153e+01  7.7776013961816375e+00 -2.8016317882219283e+01  6.2624483937467005e+01  8.1073280909614368e+01  3.7342441695871969e+01 -4.6500321837789045e+00  8.1677581546335034e+01  2.4485612980303245e+01 -2.8525863312751838e+01 -7.2069998733443398e+01  6.0652867912841003e+01
  9.6599313473598414e+01 -6.0453128102199670e+01 -5.4840739589786210e+01  9.1580020762483770e+01  5.4704261958306773e+01 -6.8064247484746204e+01  5.4555921813539101e+01 -2.4851377194400897e+01  7.0216089630083900e-01  5.6749631295156746e+01  4.5050235621807843e+01  9.9867786139005318e+01  9.3522333933691925e+01  2.3422103482634711e+01 -7.9903192982288985e+01  1.5870319845756171e+01 -5.5774313474955051e+01 -2.5474224497694522e+01 -4.2151947142709801e+01  3.8010510561222191e+01  8.2966970305592866e+00 -3.4329191822851840e+01 -7.0014921468673805e+01 -5.5832185586320861e+01 -6.1529199039410564e+01 -4.9840684752425091e-02 -1.8300405397485960e+01 -7.6393023489415498e+01 -6.8322633977545919e+01  7.9023200874904973e+01
  9.3520519823651256e+00 -8.4958562416011915e+01  2.0126649699719508e+00 -6.9405590348451199e+01  2.1767420463569636e+01 -4.0086312918243806e+01  5.7037491208060686e+01 -5.2159007786186137e+01 -4.9423960730394569e+01 -8.8051725922324820e+01  1.0134416155772641e+01 -4.3930000146226348e+01  7.8801303334551676e+01  3.7463207200325655e+01 -5.7014011065068651e+01  7.8648972203355413e+01 -9.3532250801442842e+00  9.4288276643150823e+01  4.2386542288658177e+01 -5.7629743413283997e+01 -4.9665402868479227e+01 -8.2272034078056208e+01  4.8610888908183313e+01  4.2699565701020248e+01 -2.4813436178324054e+01  1.3828335194828270e+01 -2.4159345841238803e+01  2.3858845152360317e+01 -7.7257045722638892e+01 -8.6493274576017612e+01
-4208.485998300371
 -4208.485998300371
 -4208.485998300371
 -4208.485998300371
 -4208.485998300371
1 1 1 1 1 1 1 1 1 1 1 1 1 1 1 1 1 1 1 1 1 1 1 1 1 1 1 1 1 1
 1 1 1 1 1 1 1 1 1 1 1 1 1 1 1 1 1 1 1 1 1 1 1 1 1 1 1 1 1 1
 1 1 1 1 1 1 1 1 1 1 1 1 1 1 1 1 1 1 1 1 1 1 1 1 1 1 1 1 1 1
 1 1 1 1 1 1 1 1 1 1 1 1 1 1 1 1 1 1 1 1 1 1 1 1 1 1 1 1 1 1
 1 1 1 1 1 1 1 1 1 1 1 1 1 1 1 1 1 1 1 1 1 1 1 1 1 1 1 1 1 1
0.47522402430738364 0.3739879925204519 
 0.25453232252162017 0.454499356874871  
 0.4771644829165765  0.24994913486764544
 0.48622681490753794 0.27544501194109483
 0.32445951097152625 0.28127484343056997
7.682882130678021  7.974377731060432  5.777352533785279  7.996202555409086 
 7.707775574549024  5.3508227563934625 7.6749838087027555 6.473423540683599 
 7.324043172708678  5.193077008413357  8.691759457805043  8.435795339749628 
 7.823748098077559  9.344119760252749  8.298814674955278  5.680171926189091 
 5.140505948339921  8.48620441981114   5.8853468600834455 5.780081364219178 
0.5
 0.5
 0.5
 0.5
 0.5
1 1 1 1 1
  0 0 0 0 0
  0 0 0 0 0
  0 0 0 0 0
  0 0 0 0 0
  0 0 0 0 0
  0 0 0 0 0
  0 0 0 0 0
  0 0 0 0 0
  0 0 0 0 0
  0 0 0 0 0
  0 0 0 0 0
  0 0 0 0 0
  0 0 0 0 0
  0 0 0 0 0
  0 0 0 0 0
  0 0 0 0 0
  0 0 0 0 0
  0 0 0 0 0
  0 0 0 0 0
  0 0 0 0 0
  0 0 0 0 0
  0 0 0 0 0
  0 0 0 0 0
  0 0 0 0 0
  0 0 0 0 0
  0 0 0 0 0
  0 0 0 0 0
  0 0 0 0 0
  0 0 0 0 0
 0 0 0 0 0
  1 1 1 1 1
  0 0 0 0 0
  0 0 0 0 0
  0 0 0 0 0
  0 0 0 0 0
  0 0 0 0 0
  0 0 0 0 0
  0 0 0 0 0
  0 0 0 0 0
  0 0 0 0 0
  0 0 0 0 0
  0 0 0 0 0
  0 0 0 0 0
  0 0 0 0 0
  0 0 0 0 0
  0 0 0 0 0
  0 0 0 0 0
  0 0 0 0 0
  0 0 0 0 0
  0 0 0 0 0
  0 0 0 0 0
  0 0 0 0 0
  0 0 0 0 0
  0 0 0 0 0
  0 0 0 0 0
  0 0 0 0 0
  0 0 0 0 0
  0 0 0 0 0
  0 0 0 0 0
 0 0 0 0 0
  0 0 0 0 0
  1 1 1 1 1
  0 0 0 0 0
  0 0 0 0 0
  0 0 0 0 0
  0 0 0 0 0
  0 0 0 0 0
  0 0 0 0 0
  0 0 0 0 0
  0 0 0 0 0
  0 0 0 0 0
  0 0 0 0 0
  0 0 0 0 0
  0 0 0 0 0
  0 0 0 0 0
  0 0 0 0 0
  0 0 0 0 0
  0 0 0 0 0
  0 0 0 0 0
  0 0 0 0 0
  0 0 0 0 0
  0 0 0 0 0
  0 0 0 0 0
  0 0 0 0 0
  0 0 0 0 0
  0 0 0 0 0
  0 0 0 0 0
  0 0 0 0 0
  0 0 0 0 0
 0 0 0 0 0
  0 0 0 0 0
  0 0 0 0 0
  1 1 1 1 1
  0 0 0 0 0
  0 0 0 0 0
  0 0 0 0 0
  0 0 0 0 0
  0 0 0 0 0
  0 0 0 0 0
  0 0 0 0 0
  0 0 0 0 0
  0 0 0 0 0
  0 0 0 0 0
  0 0 0 0 0
  0 0 0 0 0
  0 0 0 0 0
  0 0 0 0 0
  0 0 0 0 0
  0 0 0 0 0
  0 0 0 0 0
  0 0 0 0 0
  0 0 0 0 0
  0 0 0 0 0
  0 0 0 0 0
  0 0 0 0 0
  0 0 0 0 0
  0 0 0 0 0
  0 0 0 0 0
  0 0 0 0 0
 0 0 0 0 0
  0 0 0 0 0
  0 0 0 0 0
  0 0 0 0 0
  1 1 1 1 1
  0 0 0 0 0
  0 0 0 0 0
  0 0 0 0 0
  0 0 0 0 0
  0 0 0 0 0
  0 0 0 0 0
  0 0 0 0 0
  0 0 0 0 0
  0 0 0 0 0
  0 0 0 0 0
  0 0 0 0 0
  0 0 0 0 0
  0 0 0 0 0
  0 0 0 0 0
  0 0 0 0 0
  0 0 0 0 0
  0 0 0 0 0
  0 0 0 0 0
  0 0 0 0 0
  0 0 0 0 0
  0 0 0 0 0
  0 0 0 0 0
  0 0 0 0 0
  0 0 0 0 0
  0 0 0 0 0
 0 0 0 0 0
  0 0 0 0 0
  0 0 0 0 0
  0 0 0 0 0
  0 0 0 0 0
  1 1 1 1 1
  0 0 0 0 0
  0 0 0 0 0
  0 0 0 0 0
  0 0 0 0 0
  0 0 0 0 0
  0 0 0 0 0
  0 0 0 0 0
  0 0 0 0 0
  0 0 0 0 0
  0 0 0 0 0
  0 0 0 0 0
  0 0 0 0 0
  0 0 0 0 0
  0 0 0 0 0
  0 0 0 0 0
  0 0 0 0 0
  0 0 0 0 0
  0 0 0 0 0
  0 0 0 0 0
  0 0 0 0 0
  0 0 0 0 0
  0 0 0 0 0
  0 0 0 0 0
  0 0 0 0 0
 0 0 0 0 0
  0 0 0 0 0
  0 0 0 0 0
  0 0 0 0 0
  0 0 0 0 0
  0 0 0 0 0
  1 1 1 1 1
  0 0 0 0 0
  0 0 0 0 0
  0 0 0 0 0
  0 0 0 0 0
  0 0 0 0 0
  0 0 0 0 0
  0 0 0 0 0
  0 0 0 0 0
  0 0 0 0 0
  0 0 0 0 0
  0 0 0 0 0
  0 0 0 0 0
  0 0 0 0 0
  0 0 0 0 0
  0 0 0 0 0
  0 0 0 0 0
  0 0 0 0 0
  0 0 0 0 0
  0 0 0 0 0
  0 0 0 0 0
  0 0 0 0 0
  0 0 0 0 0
  0 0 0 0 0
 0 0 0 0 0
  0 0 0 0 0
  0 0 0 0 0
  0 0 0 0 0
  0 0 0 0 0
  0 0 0 0 0
  0 0 0 0 0
  1 1 1 1 1
  0 0 0 0 0
  0 0 0 0 0
  0 0 0 0 0
  0 0 0 0 0
  0 0 0 0 0
  0 0 0 0 0
  0 0 0 0 0
  0 0 0 0 0
  0 0 0 0 0
  0 0 0 0 0
  0 0 0 0 0
  0 0 0 0 0
  0 0 0 0 0
  0 0 0 0 0
  0 0 0 0 0
  0 0 0 0 0
  0 0 0 0 0
  0 0 0 0 0
  0 0 0 0 0
  0 0 0 0 0
  0 0 0 0 0
  0 0 0 0 0
 0 0 0 0 0
  0 0 0 0 0
  0 0 0 0 0
  0 0 0 0 0
  0 0 0 0 0
  0 0 0 0 0
  0 0 0 0 0
  0 0 0 0 0
  1 1 1 1 1
  0 0 0 0 0
  0 0 0 0 0
  0 0 0 0 0
  0 0 0 0 0
  0 0 0 0 0
  0 0 0 0 0
  0 0 0 0 0
  0 0 0 0 0
  0 0 0 0 0
  0 0 0 0 0
  0 0 0 0 0
  0 0 0 0 0
  0 0 0 0 0
  0 0 0 0 0
  0 0 0 0 0
  0 0 0 0 0
  0 0 0 0 0
  0 0 0 0 0
  0 0 0 0 0
  0 0 0 0 0
  0 0 0 0 0
 0 0 0 0 0
  0 0 0 0 0
  0 0 0 0 0
  0 0 0 0 0
  0 0 0 0 0
  0 0 0 0 0
  0 0 0 0 0
  0 0 0 0 0
  0 0 0 0 0
  1 1 1 1 1
  0 0 0 0 0
  0 0 0 0 0
  0 0 0 0 0
  0 0 0 0 0
  0 0 0 0 0
  0 0 0 0 0
  0 0 0 0 0
  0 0 0 0 0
  0 0 0 0 0
  0 0 0 0 0
  0 0 0 0 0
  0 0 0 0 0
  0 0 0 0 0
  0 0 0 0 0
  0 0 0 0 0
  0 0 0 0 0
  0 0 0 0 0
  0 0 0 0 0
  0 0 0 0 0
  0 0 0 0 0
 0 0 0 0 0
  0 0 0 0 0
  0 0 0 0 0
  0 0 0 0 0
  0 0 0 0 0
  0 0 0 0 0
  0 0 0 0 0
  0 0 0 0 0
  0 0 0 0 0
  0 0 0 0 0
  1 1 1 1 1
  0 0 0 0 0
  0 0 0 0 0
  0 0 0 0 0
  0 0 0 0 0
  0 0 0 0 0
  0 0 0 0 0
  0 0 0 0 0
  0 0 0 0 0
  0 0 0 0 0
  0 0 0 0 0
  0 0 0 0 0
  0 0 0 0 0
  0 0 0 0 0
  0 0 0 0 0
  0 0 0 0 0
  0 0 0 0 0
  0 0 0 0 0
  0 0 0 0 0
  0 0 0 0 0
 0 0 0 0 0
  0 0 0 0 0
  0 0 0 0 0
  0 0 0 0 0
  0 0 0 0 0
  0 0 0 0 0
  0 0 0 0 0
  0 0 0 0 0
  0 0 0 0 0
  0 0 0 0 0
  0 0 0 0 0
  1 1 1 1 1
  0 0 0 0 0
  0 0 0 0 0
  0 0 0 0 0
  0 0 0 0 0
  0 0 0 0 0
  0 0 0 0 0
  0 0 0 0 0
  0 0 0 0 0
  0 0 0 0 0
  0 0 0 0 0
  0 0 0 0 0
  0 0 0 0 0
  0 0 0 0 0
  0 0 0 0 0
  0 0 0 0 0
  0 0 0 0 0
  0 0 0 0 0
  0 0 0 0 0
 0 0 0 0 0
  0 0 0 0 0
  0 0 0 0 0
  0 0 0 0 0
  0 0 0 0 0
  0 0 0 0 0
  0 0 0 0 0
  0 0 0 0 0
  0 0 0 0 0
  0 0 0 0 0
  0 0 0 0 0
  0 0 0 0 0
  1 1 1 1 1
  0 0 0 0 0
  0 0 0 0 0
  0 0 0 0 0
  0 0 0 0 0
  0 0 0 0 0
  0 0 0 0 0
  0 0 0 0 0
  0 0 0 0 0
  0 0 0 0 0
  0 0 0 0 0
  0 0 0 0 0
  0 0 0 0 0
  0 0 0 0 0
  0 0 0 0 0
  0 0 0 0 0
  0 0 0 0 0
  0 0 0 0 0
 0 0 0 0 0
  0 0 0 0 0
  0 0 0 0 0
  0 0 0 0 0
  0 0 0 0 0
  0 0 0 0 0
  0 0 0 0 0
  0 0 0 0 0
  0 0 0 0 0
  0 0 0 0 0
  0 0 0 0 0
  0 0 0 0 0
  0 0 0 0 0
  1 1 1 1 1
  0 0 0 0 0
  0 0 0 0 0
  0 0 0 0 0
  0 0 0 0 0
  0 0 0 0 0
  0 0 0 0 0
  0 0 0 0 0
  0 0 0 0 0
  0 0 0 0 0
  0 0 0 0 0
  0 0 0 0 0
  0 0 0 0 0
  0 0 0 0 0
  0 0 0 0 0
  0 0 0 0 0
  0 0 0 0 0
 0 0 0 0 0
  0 0 0 0 0
  0 0 0 0 0
  0 0 0 0 0
  0 0 0 0 0
  0 0 0 0 0
  0 0 0 0 0
  0 0 0 0 0
  0 0 0 0 0
  0 0 0 0 0
  0 0 0 0 0
  0 0 0 0 0
  0 0 0 0 0
  0 0 0 0 0
  1 1 1 1 1
  0 0 0 0 0
  0 0 0 0 0
  0 0 0 0 0
  0 0 0 0 0
  0 0 0 0 0
  0 0 0 0 0
  0 0 0 0 0
  0 0 0 0 0
  0 0 0 0 0
  0 0 0 0 0
  0 0 0 0 0
  0 0 0 0 0
  0 0 0 0 0
  0 0 0 0 0
  0 0 0 0 0
 0 0 0 0 0
  0 0 0 0 0
  0 0 0 0 0
  0 0 0 0 0
  0 0 0 0 0
  0 0 0 0 0
  0 0 0 0 0
  0 0 0 0 0
  0 0 0 0 0
  0 0 0 0 0
  0 0 0 0 0
  0 0 0 0 0
  0 0 0 0 0
  0 0 0 0 0
  0 0 0 0 0
  1 1 1 1 1
  0 0 0 0 0
  0 0 0 0 0
  0 0 0 0 0
  0 0 0 0 0
  0 0 0 0 0
  0 0 0 0 0
  0 0 0 0 0
  0 0 0 0 0
  0 0 0 0 0
  0 0 0 0 0
  0 0 0 0 0
  0 0 0 0 0
  0 0 0 0 0
  0 0 0 0 0
 0 0 0 0 0
  0 0 0 0 0
  0 0 0 0 0
  0 0 0 0 0
  0 0 0 0 0
  0 0 0 0 0
  0 0 0 0 0
  0 0 0 0 0
  0 0 0 0 0
  0 0 0 0 0
  0 0 0 0 0
  0 0 0 0 0
  0 0 0 0 0
  0 0 0 0 0
  0 0 0 0 0
  0 0 0 0 0
  1 1 1 1 1
  0 0 0 0 0
  0 0 0 0 0
  0 0 0 0 0
  0 0 0 0 0
  0 0 0 0 0
  0 0 0 0 0
  0 0 0 0 0
  0 0 0 0 0
  0 0 0 0 0
  0 0 0 0 0
  0 0 0 0 0
  0 0 0 0 0
  0 0 0 0 0
 0 0 0 0 0
  0 0 0 0 0
  0 0 0 0 0
  0 0 0 0 0
  0 0 0 0 0
  0 0 0 0 0
  0 0 0 0 0
  0 0 0 0 0
  0 0 0 0 0
  0 0 0 0 0
  0 0 0 0 0
  0 0 0 0 0
  0 0 0 0 0
  0 0 0 0 0
  0 0 0 0 0
  0 0 0 0 0
  0 0 0 0 0
  1 1 1 1 1
  0 0 0 0 0
  0 0 0 0 0
  0 0 0 0 0
  0 0 0 0 0
  0 0 0 0 0
  0 0 0 0 0
  0 0 0 0 0
  0 0 0 0 0
  0 0 0 0 0
  0 0 0 0 0
  0 0 0 0 0
  0 0 0 0 0
 0 0 0 0 0
  0 0 0 0 0
  0 0 0 0 0
  0 0 0 0 0
  0 0 0 0 0
  0 0 0 0 0
  0 0 0 0 0
  0 0 0 0 0
  0 0 0 0 0
  0 0 0 0 0
  0 0 0 0 0
  0 0 0 0 0
  0 0 0 0 0
  0 0 0 0 0
  0 0 0 0 0
  0 0 0 0 0
  0 0 0 0 0
  0 0 0 0 0
  1 1 1 1 1
  0 0 0 0 0
  0 0 0 0 0
  0 0 0 0 0
  0 0 0 0 0
  0 0 0 0 0
  0 0 0 0 0
  0 0 0 0 0
  0 0 0 0 0
  0 0 0 0 0
  0 0 0 0 0
  0 0 0 0 0
 0 0 0 0 0
  0 0 0 0 0
  0 0 0 0 0
  0 0 0 0 0
  0 0 0 0 0
  0 0 0 0 0
  0 0 0 0 0
  0 0 0 0 0
  0 0 0 0 0
  0 0 0 0 0
  0 0 0 0 0
  0 0 0 0 0
  0 0 0 0 0
  0 0 0 0 0
  0 0 0 0 0
  0 0 0 0 0
  0 0 0 0 0
  0 0 0 0 0
  0 0 0 0 0
  1 1 1 1 1
  0 0 0 0 0
  0 0 0 0 0
  0 0 0 0 0
  0 0 0 0 0
  0 0 0 0 0
  0 0 0 0 0
  0 0 0 0 0
  0 0 0 0 0
  0 0 0 0 0
  0 0 0 0 0
 0 0 0 0 0
  0 0 0 0 0
  0 0 0 0 0
  0 0 0 0 0
  0 0 0 0 0
  0 0 0 0 0
  0 0 0 0 0
  0 0 0 0 0
  0 0 0 0 0
  0 0 0 0 0
  0 0 0 0 0
  0 0 0 0 0
  0 0 0 0 0
  0 0 0 0 0
  0 0 0 0 0
  0 0 0 0 0
  0 0 0 0 0
  0 0 0 0 0
  0 0 0 0 0
  0 0 0 0 0
  1 1 1 1 1
  0 0 0 0 0
  0 0 0 0 0
  0 0 0 0 0
  0 0 0 0 0
  0 0 0 0 0
  0 0 0 0 0
  0 0 0 0 0
  0 0 0 0 0
  0 0 0 0 0
 0 0 0 0 0
  0 0 0 0 0
  0 0 0 0 0
  0 0 0 0 0
  0 0 0 0 0
  0 0 0 0 0
  0 0 0 0 0
  0 0 0 0 0
  0 0 0 0 0
  0 0 0 0 0
  0 0 0 0 0
  0 0 0 0 0
  0 0 0 0 0
  0 0 0 0 0
  0 0 0 0 0
  0 0 0 0 0
  0 0 0 0 0
  0 0 0 0 0
  0 0 0 0 0
  0 0 0 0 0
  0 0 0 0 0
  1 1 1 1 1
  0 0 0 0 0
  0 0 0 0 0
  0 0 0 0 0
  0 0 0 0 0
  0 0 0 0 0
  0 0 0 0 0
  0 0 0 0 0
  0 0 0 0 0
 0 0 0 0 0
  0 0 0 0 0
  0 0 0 0 0
  0 0 0 0 0
  0 0 0 0 0
  0 0 0 0 0
  0 0 0 0 0
  0 0 0 0 0
  0 0 0 0 0
  0 0 0 0 0
  0 0 0 0 0
  0 0 0 0 0
  0 0 0 0 0
  0 0 0 0 0
  0 0 0 0 0
  0 0 0 0 0
  0 0 0 0 0
  0 0 0 0 0
  0 0 0 0 0
  0 0 0 0 0
  0 0 0 0 0
  0 0 0 0 0
  1 1 1 1 1
  0 0 0 0 0
  0 0 0 0 0
  0 0 0 0 0
  0 0 0 0 0
  0 0 0 0 0
  0 0 0 0 0
  0 0 0 0 0
 0 0 0 0 0
  0 0 0 0 0
  0 0 0 0 0
  0 0 0 0 0
  0 0 0 0 0
  0 0 0 0 0
  0 0 0 0 0
  0 0 0 0 0
  0 0 0 0 0
  0 0 0 0 0
  0 0 0 0 0
  0 0 0 0 0
  0 0 0 0 0
  0 0 0 0 0
  0 0 0 0 0
  0 0 0 0 0
  0 0 0 0 0
  0 0 0 0 0
  0 0 0 0 0
  0 0 0 0 0
  0 0 0 0 0
  0 0 0 0 0
  0 0 0 0 0
  1 1 1 1 1
  0 0 0 0 0
  0 0 0 0 0
  0 0 0 0 0
  0 0 0 0 0
  0 0 0 0 0
  0 0 0 0 0
 0 0 0 0 0
  0 0 0 0 0
  0 0 0 0 0
  0 0 0 0 0
  0 0 0 0 0
  0 0 0 0 0
  0 0 0 0 0
  0 0 0 0 0
  0 0 0 0 0
  0 0 0 0 0
  0 0 0 0 0
  0 0 0 0 0
  0 0 0 0 0
  0 0 0 0 0
  0 0 0 0 0
  0 0 0 0 0
  0 0 0 0 0
  0 0 0 0 0
  0 0 0 0 0
  0 0 0 0 0
  0 0 0 0 0
  0 0 0 0 0
  0 0 0 0 0
  0 0 0 0 0
  1 1 1 1 1
  0 0 0 0 0
  0 0 0 0 0
  0 0 0 0 0
  0 0 0 0 0
  0 0 0 0 0
 0 0 0 0 0
  0 0 0 0 0
  0 0 0 0 0
  0 0 0 0 0
  0 0 0 0 0
  0 0 0 0 0
  0 0 0 0 0
  0 0 0 0 0
  0 0 0 0 0
  0 0 0 0 0
  0 0 0 0 0
  0 0 0 0 0
  0 0 0 0 0
  0 0 0 0 0
  0 0 0 0 0
  0 0 0 0 0
  0 0 0 0 0
  0 0 0 0 0
  0 0 0 0 0
  0 0 0 0 0
  0 0 0 0 0
  0 0 0 0 0
  0 0 0 0 0
  0 0 0 0 0
  0 0 0 0 0
  1 1 1 1 1
  0 0 0 0 0
  0 0 0 0 0
  0 0 0 0 0
  0 0 0 0 0
 0 0 0 0 0
  0 0 0 0 0
  0 0 0 0 0
  0 0 0 0 0
  0 0 0 0 0
  0 0 0 0 0
  0 0 0 0 0
  0 0 0 0 0
  0 0 0 0 0
  0 0 0 0 0
  0 0 0 0 0
  0 0 0 0 0
  0 0 0 0 0
  0 0 0 0 0
  0 0 0 0 0
  0 0 0 0 0
  0 0 0 0 0
  0 0 0 0 0
  0 0 0 0 0
  0 0 0 0 0
  0 0 0 0 0
  0 0 0 0 0
  0 0 0 0 0
  0 0 0 0 0
  0 0 0 0 0
  0 0 0 0 0
  1 1 1 1 1
  0 0 0 0 0
  0 0 0 0 0
  0 0 0 0 0
 0 0 0 0 0
  0 0 0 0 0
  0 0 0 0 0
  0 0 0 0 0
  0 0 0 0 0
  0 0 0 0 0
  0 0 0 0 0
  0 0 0 0 0
  0 0 0 0 0
  0 0 0 0 0
  0 0 0 0 0
  0 0 0 0 0
  0 0 0 0 0
  0 0 0 0 0
  0 0 0 0 0
  0 0 0 0 0
  0 0 0 0 0
  0 0 0 0 0
  0 0 0 0 0
  0 0 0 0 0
  0 0 0 0 0
  0 0 0 0 0
  0 0 0 0 0
  0 0 0 0 0
  0 0 0 0 0
  0 0 0 0 0
  0 0 0 0 0
  1 1 1 1 1
  0 0 0 0 0
  0 0 0 0 0
 0 0 0 0 0
  0 0 0 0 0
  0 0 0 0 0
  0 0 0 0 0
  0 0 0 0 0
  0 0 0 0 0
  0 0 0 0 0
  0 0 0 0 0
  0 0 0 0 0
  0 0 0 0 0
  0 0 0 0 0
  0 0 0 0 0
  0 0 0 0 0
  0 0 0 0 0
  0 0 0 0 0
  0 0 0 0 0
  0 0 0 0 0
  0 0 0 0 0
  0 0 0 0 0
  0 0 0 0 0
  0 0 0 0 0
  0 0 0 0 0
  0 0 0 0 0
  0 0 0 0 0
  0 0 0 0 0
  0 0 0 0 0
  0 0 0 0 0
  0 0 0 0 0
  1 1 1 1 1
  0 0 0 0 0
 0 0 0 0 0
  0 0 0 0 0
  0 0 0 0 0
  0 0 0 0 0
  0 0 0 0 0
  0 0 0 0 0
  0 0 0 0 0
  0 0 0 0 0
  0 0 0 0 0
  0 0 0 0 0
  0 0 0 0 0
  0 0 0 0 0
  0 0 0 0 0
  0 0 0 0 0
  0 0 0 0 0
  0 0 0 0 0
  0 0 0 0 0
  0 0 0 0 0
  0 0 0 0 0
  0 0 0 0 0
  0 0 0 0 0
  0 0 0 0 0
  0 0 0 0 0
  0 0 0 0 0
  0 0 0 0 0
  0 0 0 0 0
  0 0 0 0 0
  0 0 0 0 0
  0 0 0 0 0
  1 1 1 1 1
-4208.485998300371
 31.827019889664342   -34.23466740777795     26.70027093320593     19.516496993640843    39.86635112073276     53.45853282406557     74.25214099278713     93.65412567399488    -13.096533775622362   -76.38686954556412     -0.5996972651223018  -85.67969007848606    -93.31877605807048     91.63781458031585    -67.66099648891614      4.080538539391185    29.4555556177383      77.21205773678065    -26.85731945462402     29.385265511038625   -90.12466185929435    -59.39858344940669     97.5818600658043     -77.36306812481754     48.650393210725696    -0.27317672845485674  46.854120399584275   -78.29113960831626    -13.527923283180925    56.326903078603664  
