500000
1.e-08
30
1
-100
100
-84.65302279289513   59.13480913972202   15.47337786513377    5.17647091967595    8.296269179253017 -75.70709954318535  -33.90635828086141  -51.6805462108755     5.02463842703915   91.03190946032922   33.75063020580566   74.5703487818356     7.797746963077941 -77.76202804066298  -16.968923793231255 -85.2058076853376     4.532846548720485  32.96380575199785   19.402512755870845  47.291349768548514 -26.89781221915095   29.000401711796144 -78.3617076837041   -88.5724710129013   -93.16883671765513   19.25286457353559    8.988019989185148 -30.22541171429765  -39.3388654188487    25.239503128569424
-51.4793979509343
1.1560067322102374 1.1560067322102374 1.1560067322102374 1.1560067322102374 1.1560067322102374 1.1560067322102374 1.1560067322102374 1.1560067322102374 1.1560067322102374 1.1560067322102374 1.1560067322102374 1.1560067322102374 1.1560067322102374 1.1560067322102374 1.1560067322102374 1.1560067322102374 1.1560067322102374 1.1560067322102374 1.1560067322102374 1.1560067322102374 1.1560067322102374 1.1560067322102374 1.1560067322102374 1.1560067322102374 1.1560067322102374 1.1560067322102374 1.1560067322102374 1.1560067322102374 1.1560067322102374 1.1560067322102374
0 0
0 0 0 0
0.1
-2.2540798013754659e-08 -1.2292289512033044e-07  5.7281007266825706e-07 -1.0361316149154108e-06 -4.2668253854771443e-06  4.9422097875726826e-05  4.9658113515470607e-04 -1.0751412235610368e-03 -3.6130491656719829e-04  3.3709181431771105e-03 -4.3511288812127340e-03 -9.8867690393551463e-02  1.5932662553158700e-02 -1.0044264581222027e-01 -5.3606421272038969e-02  4.9796176775702399e-03  1.2700475932425331e-02  8.2719344322601876e-02 -4.1264511190075286e-02  1.4378689635431174e-01 -7.7031395470702427e-03  1.3236533124820810e-01  1.6036272845735405e-01 -1.4189313138216147e-01 -1.0353821529699618e-02 -1.1794572222900161e-01  8.0513974235585286e-04  6.5742889549036854e-01 -6.5872109375744226e-01  6.3214283472357760e-02
 -2.6627276263110459e-08 -8.4112341867714963e-08  4.0544622702526296e-07 -7.4470945209427289e-07  4.0452847315884709e-06  1.1707540266157447e-03  1.6149345436776029e-03 -8.4509619340372970e-03 -3.6966717862391418e-02  4.0166259490609707e-03 -4.0542057625464367e-02 -1.0706708125059046e-01 -3.6770884977761945e-02 -5.6442046051373485e-02 -7.9518962796029588e-02 -8.5542241564140836e-02 -8.0886300148076670e-02  1.0660360066142661e-01 -1.0143067489850288e-01 -2.0695497566205808e-02 -1.4418771978025111e-01  1.3498447280663961e-01  2.1655066747198363e-02 -2.8745591245815144e-01  4.8218078246467296e-02  3.6472591981872654e-01  7.8287411545754659e-01 -9.9500982911736230e-02 -4.7544678660940198e-02 -2.3689535798676697e-01
 -2.0513383900003646e-07 -7.5018686277369844e-07  3.5782142590176730e-06 -7.0486101293554357e-06 -3.4666398814256376e-05 -1.8543238306146894e-03 -1.0114232174103432e-03  1.1074966287606970e-02  6.2557503386781330e-02 -1.2135437215754080e-03  7.6075433898490502e-02 -8.7546398473771509e-03 -6.0393599043395876e-02 -3.5956420858295333e-02  5.6032053748833591e-02  9.1717980937871466e-02  3.2550948451204736e-02 -2.1568953307702809e-01  1.4272768037209499e-01 -6.5152822343421388e-02 -1.6629358902497521e-01 -3.4780903463229668e-01 -4.3704182094792959e-01 -4.2823463596458683e-01 -1.2410453073130752e-01 -3.6317534119723126e-02  5.3643767532432052e-02  4.8105768346840327e-01  3.5670427179585645e-01 -1.1665336916086448e-02
  5.1208265334440384e-08  1.3319725461621363e-07 -6.5282352357231974e-07  1.1519496244365294e-06  2.3638159047329645e-06 -6.3542918839546542e-06 -3.8588875410644577e-04  1.0505325903733735e-03  6.8195876335783090e-03  8.6748136099167854e-03  7.3286797194848209e-03 -2.8962265409077877e-02 -9.6444709790351649e-02  3.1153211501218407e-02  2.4214060408846359e-02 -5.4262282282433100e-02 -1.2258095150911988e-01  6.7839777308033658e-02 -4.2728066451092686e-02  1.9916483329443352e-01 -1.2322975037424974e-01  3.1540620798233228e-02  3.1804318387090524e-01  4.5127500715403257e-01  1.5514824573921579e-01 -1.6344097557557966e-01  3.2250281930265806e-01  3.8933748537167817e-01  4.7632758972534844e-01  2.6422787765643024e-01
  8.2066405720166096e-07  1.2759483696747157e-06 -6.6510534870942867e-06  1.2034715563426285e-05  4.0759932440834039e-05  2.8579007158794035e-03  3.2578408798890389e-03 -2.1032874425249634e-02 -1.0287012633954827e-01 -2.2236463473999948e-03 -1.1443534063270162e-01 -9.3807142513426464e-02  4.6290477474248005e-02 -3.3276697167469484e-02 -1.4768684757520326e-01 -1.5496032051748870e-01 -5.8040070953105115e-02  2.0734257210153420e-01 -2.5061731058766763e-02  1.2039755108139431e-02  9.5811234019786085e-02  2.5049674935264649e-01  1.0696488910161732e-01 -4.6344721600879402e-01 -1.8384000440687889e-01 -6.7786329218774899e-01  5.3037997648445447e-02 -1.6712976160457854e-01  2.0215458389654015e-01  8.8253236976205282e-02
 -2.4176055848847071e-06 -3.8888756370257750e-06  2.0170810159427180e-05 -3.6529287752111610e-05 -3.7355552720149262e-05 -3.1519937757870839e-03 -4.5719593483665409e-03  2.7761270348065609e-02  1.3151186359588812e-01  9.1352880466764649e-03  1.3489131238860558e-01  8.2661176408663994e-02 -3.0834871498946734e-02  1.6993581490549952e-02  1.7548964989445284e-01  1.8954005578775610e-01  7.5487730623909413e-02 -9.2843521067051654e-02 -1.7301788125895407e-02  3.9199868218539824e-01  6.1734085033210422e-02 -5.9903672067667627e-02  5.5295308415749300e-01 -3.8164963290029580e-01  2.1952325567265729e-01  1.0397970772071398e-01 -2.0110664560386687e-01 -6.0565725537070703e-03  1.8843005328061072e-01 -3.5601553626266103e-01
  9.7358905647480659e-06  1.4622884204649275e-05 -7.6621558758071750e-05  1.3875881383304235e-04 -2.8009765911306344e-05 -9.7276517532212401e-04  4.8266806885365211e-03 -2.0692878053061966e-02 -7.4604955246536722e-02 -3.5928792099564927e-02 -5.3953722814224815e-02 -8.8445256254963064e-02  2.6686290434348459e-01 -2.6974925312711473e-01 -2.2117844862881475e-01  1.0505714831523091e-01  2.5537531093907023e-01  1.1362738248706315e-01 -4.2820702798683212e-02 -1.2836729568593960e-01  4.7516021887470011e-01  3.4563343533568019e-01 -4.2098621565811511e-02 -8.2967793943559548e-02  1.0168822171144175e-01  3.7003702583685089e-01 -1.1801627665350355e-01  2.1221131172346519e-01  3.0521873679866995e-01  1.6821651333421397e-01
  4.0951774336262512e-06  6.7146908112874848e-06 -3.4733983464070605e-05  6.3583832304838322e-05  2.6522851111710222e-06 -1.8052408317939721e-03 -1.2382586820333680e-03  4.7068616938656816e-03  3.0974977284270261e-02  6.7744095856523186e-03  2.3303507698683747e-02 -8.9258301627472586e-02  9.2859325767400747e-02 -1.6338639057794907e-01 -5.9298125846462137e-02  9.7666487777855471e-02  1.5726600703490479e-01 -6.8985219681114540e-02  6.7534339081501651e-02 -1.3383246274742372e-01  2.4985322984362356e-02  1.3927863383781033e-01 -2.3443532643488149e-01  2.4397549780603650e-01  4.6828584035127635e-01 -3.9646151407881397e-01  7.7595868499441417e-02  7.5365864951934119e-02  5.7406397574240268e-03 -6.0614094097513760e-01
  2.0218096848465925e-05  2.5150572745277954e-05 -1.3594896047931294e-04  2.4103186848297930e-04 -2.4897540078626720e-04 -3.3755963723168855e-03  1.6402779995375684e-02 -4.6620364344295548e-02 -1.2403976993743050e-01 -1.1088883553984151e-01  2.9532483415529512e-02 -1.9134762343071557e-01 -5.9857263622451674e-02 -3.1354039687827739e-01 -2.1980817430015592e-01  7.4581246750194452e-02 -1.6635618424004903e-01  2.6539730215507046e-01  1.1928701223554486e-01  6.5842326876716384e-01  7.8301183941574287e-02 -1.4831626531205380e-01 -2.6301527048457618e-01  1.6367277101646113e-01 -2.4573563088170597e-01  5.5929180335797322e-02 -5.7269983340488842e-02 -7.7972820677881444e-02  2.7814207679212069e-02 -1.8167717215281778e-01
  5.6489136436126652e-05  6.9657419206331189e-05 -3.7712241538841309e-04  6.7043982583867619e-04 -5.5578903894723346e-04 -1.2908819388447174e-02  2.9766367199903363e-02 -7.8568265574338172e-02 -1.7434636765288086e-01 -2.7207035707373711e-01  1.8499416069113572e-01  1.7299412525709945e-01  1.4441181919562451e-01 -3.4532177204299519e-01 -1.4458747363057392e-01  5.1993613165995223e-01  2.6625857463034364e-02  2.9758153779624902e-02  1.7578619636568096e-01 -2.6883691591333481e-01 -4.5029462739946395e-02 -3.1684662103091227e-01  2.9285496733702332e-01  2.8649480870137849e-02 -7.7790370152640065e-02 -1.3397977841140160e-01  1.9950622599381912e-01 -1.0624065388171545e-01 -8.8312960119251882e-02  1.2727904570164936e-01
  6.1702057103159208e-06  1.4756138545460547e-05 -7.2952094125759069e-05  1.4433265109302400e-04  1.5065218722780900e-04 -4.4216032424542265e-03 -2.6876935097191985e-02  7.2228645371766473e-02  2.6104089231298389e-01  2.1692961423194745e-01  5.9855905208740470e-02 -1.7021324824804751e-01  7.9909346856580341e-02 -5.6533266553178516e-02  1.3086441216646888e-01  1.9039527755389286e-02  2.6477989761298476e-01 -2.8482480244901748e-01  4.6575839754896220e-01  1.3996208969026133e-02  5.1078370845655807e-02  2.5690301160652351e-01  1.5853216160663178e-01  1.6568009213707102e-01 -5.3949097652500821e-01 -1.5709245292728172e-02  1.6126376706847087e-01 -1.5326305526417467e-02  8.8348091348727110e-03 -1.0976508332532951e-01
 -3.5970006773132087e-05 -6.3589058313547178e-05  3.2556339701810948e-04 -5.9984006478333107e-04  9.6882291518885459e-05  7.4241779977861399e-03  3.4326280327436516e-03  1.5788943507513753e-02  5.4004898690945914e-02 -1.8963865920179478e-02  8.2371107653115734e-03 -3.2509054454348701e-01  8.0626680576311185e-02 -2.5160789644330633e-01 -5.4036262978783112e-02  1.0357654451324853e-01  2.2690373313053294e-01  2.2651693116433419e-02 -3.7884085064582501e-01 -5.3645110134324887e-02 -6.9693446752866317e-01  1.6694860921943108e-01  5.3162585569531649e-02  1.9122968901698061e-02 -1.1634761894554364e-01  5.6844020926693668e-02 -2.4962948380124661e-01 -6.0425680322624041e-02  9.5849469592229841e-02  1.0046921164763306e-02
  2.3592282938480263e-05  3.4430967758741812e-06 -4.3624842280086654e-05  6.8647318430135662e-05  3.0221445705748114e-04  6.1433928656514265e-03 -1.3041880024431679e-02  4.0120791156213545e-03 -6.7605427715862490e-02  1.7103315381146963e-01 -2.7578919018793113e-01 -3.8498601102269392e-01  1.5625793079115879e-01 -6.8511637654500968e-02 -2.6043534697799642e-01 -4.1789275129823800e-01  5.5415001395418814e-02  1.8246894646191881e-02  1.9636273644278096e-01 -1.7629852990074740e-01  1.1589628785985252e-02 -5.2556296923371926e-01  2.9757779044278909e-01  5.9907958115141971e-03  9.2432534794096383e-02  6.8736570162020089e-02 -9.3702579559893362e-02  2.2189105069855740e-02  9.6697265436772647e-03 -9.7421509942027515e-02
 -2.8082712127728395e-05 -1.0223817760996091e-04  4.8769928347745003e-04 -9.1004395270117124e-04 -7.5003335821286713e-05  1.3512360937429991e-02 -5.9390951157960708e-03  5.0763793009296773e-02  1.1021301652371225e-01  7.8136339205393562e-02 -3.8263217753665514e-02 -1.8071101241133380e-01  2.6104585762866644e-01  7.1534797718679202e-03  1.5149634276674825e-01  7.6526633958067469e-02  3.5852013473484012e-01 -8.6950941205896165e-02  1.3847365754441501e-01  3.6992110077816848e-01 -4.8732883487645644e-02 -1.1316471739694657e-01 -1.8190700621280859e-01 -1.0633335384052173e-01  3.9761817952357942e-01 -9.4758250438680650e-02  1.9062276740315995e-01 -2.3787071485786274e-01 -1.3606766058742548e-01  4.6650047610458584e-01
  1.0352227519075034e-03  4.4728623814024805e-04 -3.2287548467283670e-03  5.1785969855415136e-03  5.6416719996539117e-03 -5.9922530325997633e-02 -4.8742115737051950e-02 -7.7838411467300139e-02  9.9215811027688283e-02 -8.0236566167671039e-02 -1.4922427233635671e-01  2.4803741206805655e-01  5.1080608196888228e-02  1.6892216557258224e-01 -2.2940780892222754e-01 -3.7778054000574990e-02  5.1320893964847647e-01 -1.1361847869764909e-01 -5.0855376196580748e-01  1.4897231579832831e-01  1.8131390748913062e-01 -2.5990817719553549e-01  1.0900011456559989e-03  1.1002582990453164e-01 -2.6955622256705364e-01 -1.1166297270101880e-01  1.7927515590467596e-01  3.6161002814889334e-02 -1.1467104392819318e-02 -1.1949548021392600e-01
  2.7286982797209806e-03  7.3616287859183595e-04 -6.5444943695982154e-03  1.0066232614768350e-02  7.0486839415939686e-03 -9.7950276966144570e-02 -7.5620663527135173e-02 -7.0890224567266194e-02  2.7425481747480407e-01  1.2745581984541174e-01  4.4380763722340420e-02  4.2500466144401457e-02 -5.5351591851859405e-01 -2.9624119027707430e-01 -4.8623472660315192e-01 -3.4228265769471862e-02 -5.5065360072706897e-02 -3.9833719451692062e-01 -2.6476981337878289e-03  1.3203938694859562e-02  4.2651615499800614e-02  7.3198250669370260e-02  2.2150337458495744e-02 -5.4928447974504573e-02  1.6874054827779972e-01 -1.5519789427655802e-02 -2.2073807990494663e-02 -1.1622438000044269e-01 -4.9634739489574815e-02  1.8639926007987795e-01
  1.2201906780792176e-02 -6.1600334952584376e-04 -1.1912791754631251e-02  1.2322555754449167e-02  1.1236845044505399e-03  1.3603030364335533e-01  6.5428059862023533e-02  2.4431201423049534e-01 -3.3976616712384849e-01  4.7312655592843633e-01 -4.3737417145032254e-01 -2.8595241923949480e-02  6.5108469511668973e-02  4.2330410640806754e-02 -5.6606852041789869e-02  4.4082904603240064e-01 -2.3102473675883209e-01 -3.0283654753385825e-01 -1.6403959327827591e-01  6.9483674325457767e-02  3.7139193176543864e-02  1.0152289175991966e-02 -5.1546067891166932e-04  1.7122650426447440e-02 -4.7410463933890284e-02 -2.1678326896485366e-02  2.3368391957290565e-02  9.4098622156993785e-04 -2.6509963654213963e-03 -1.5689725137913044e-02
  2.6162917202521747e-02  3.8204826777051519e-04 -3.3103593290787922e-02  4.2368483118162645e-02  6.0689804688930697e-02  2.4836126502948799e-01  1.9942628076488034e-01  1.3664526750278530e-01 -3.5783294849206432e-01 -1.8723461986924539e-01  2.2621402497952880e-01 -3.3851244748410209e-01 -3.8644913671088971e-01  4.5836882529539613e-01 -2.2206726215330214e-01  1.3893736543779908e-01  3.0696960225916137e-01 -1.7776079376427155e-03  1.2578011033075862e-01 -2.3879115935016449e-02  2.1602698686585969e-02  5.1137488162661227e-02  2.9063161586108784e-02 -6.0150100439864823e-03  2.3528783751878973e-02  1.9464279070957664e-02 -1.2502562232720092e-02  1.7488107049742493e-03 -2.5952947898823468e-03  1.5928237966245135e-03
 -2.4658086942469362e-02 -2.4069851521409460e-03  4.0288495635743722e-02 -5.7186454381645532e-02 -8.7153693176074506e-02  4.9955963403106223e-03  8.0583661949847930e-03  2.6314771265985115e-01  4.4985614680415169e-02  4.8673070667785118e-01  5.1546721365948134e-01 -1.7065721235358305e-01 -1.4063669458775291e-01 -1.7438071055415172e-01  1.7842549609914640e-01  1.1119465040969287e-02  4.1141460555816439e-02  2.6446190363814104e-01 -3.0626722817385860e-01 -1.3273696124486645e-01  2.4490975900178405e-01 -2.0864181914668520e-01 -2.4179917362836579e-02  2.1541558669109749e-02 -4.5476423738904787e-02 -7.1683796601272234e-02  6.1486910607755178e-02 -3.8118211344117386e-02 -1.9143609662440067e-02  3.5125412207566022e-02
 -1.0663780993438091e-01 -7.3766165540270993e-03  1.6077607235172636e-01 -2.1544864529530339e-01 -2.2434787981280491e-01  1.7968081739523242e-01  8.8444317318592272e-02  4.3529817027454887e-01 -3.6506062073536333e-01 -2.2469178101305023e-01  9.8186420841150840e-02  2.2037174769961432e-01  3.5162785611735393e-02 -3.1244977946940383e-01  9.2278376460820793e-02 -3.9763522939768625e-01  7.7357946942986394e-02 -3.3082939282037443e-01 -2.3932988184221560e-02  9.3749190428435158e-02 -3.0310097071253438e-02  4.9346706047098732e-02  2.1893787232699580e-02  3.5480077720909755e-03 -2.8352808391687795e-03 -2.9559373132792993e-03  9.3370575599512201e-03 -8.8922125696407252e-03 -8.2477487470641632e-03  6.4595412113747190e-03
 -3.9329676884587696e-02 -1.1071041379486400e-03  5.2132991698054632e-02 -6.3102822842927189e-02 -1.0643294329415905e-02  1.5802131938270547e-01  6.6411558074756502e-02  4.0401515713153743e-02  2.1013810191524535e-01 -1.8142291172881627e-02  4.3606050173359423e-01 -7.7863118123911404e-02  5.1950708925008959e-01  2.7555493418675825e-01 -4.2121601328865416e-01 -2.4366889909338781e-02 -3.4743258090851209e-01 -2.4256034761633891e-01 -1.0530935471658565e-01  6.5741869717360929e-02 -1.3487140513244962e-02  2.5065860273055251e-02 -1.2007358957519211e-02  2.0322397513954362e-03 -9.3684843712534601e-03 -7.8362110663824872e-03  4.6229540266437578e-03 -1.7427222031358857e-03 -1.2100551234668199e-03  1.1868708121349023e-03
  1.3064052801592219e-01  1.2252392432689687e-02 -2.1110997504650217e-01  3.4186044723192732e-01  3.2833182396864868e-01 -2.7078114335697595e-01  9.7554209472006784e-02 -3.6422543491444098e-01 -4.6063738773658297e-01  1.8061067964472302e-01  2.9434158088152829e-01  2.6115240426735076e-02  1.1083112736643035e-01 -9.1440495729198476e-02  1.0124852985084934e-01 -2.1200787604658103e-01  2.7091787083566549e-02 -2.7765055470051669e-01 -6.5211755139750513e-02  7.5758456848029190e-02 -1.4464889499312697e-02  4.3783811365367201e-02  6.4765304976896840e-03  2.2614879613424691e-03 -5.2840764533659259e-03 -2.9849462740237603e-03  4.2757519387951115e-03 -3.7436637635255257e-03 -3.8705471312353965e-03  1.7613069775888634e-03
 -2.9009484566833641e-02  1.6654461481432386e-02 -3.8652832024861264e-02  2.8992538142503566e-01  4.6422041658069813e-01  9.7602036930779665e-02  4.2576422850845180e-01  3.9414280443992517e-01  1.8649157284020404e-01  1.3679224831287290e-01 -4.1426780169880044e-02  3.6932522725101563e-01  3.7706659240111809e-02 -7.3116689286186712e-02 -1.8251596546239282e-01 -7.9260031791700769e-02  9.0320610912038010e-02  2.5181981864414282e-01  1.3301178364923069e-01  1.7156292739315262e-02 -1.4827745885399574e-01  2.5370741560213584e-03 -1.5707482161666439e-02 -1.0546341917047748e-02  2.1818733595175357e-02  2.1728848852719140e-02 -2.0869963050460159e-02  1.5109402674302457e-02  1.0922712305921008e-02 -8.3531549583107621e-03
  1.2537397107827516e-01  4.2284289195374716e-03 -1.6935634436522076e-01  1.9224646883741076e-01  2.5123579303079768e-01  4.1101412481634919e-01  1.9958498467205532e-01 -1.2021179672318303e-02  2.4676783342474443e-01 -3.4603126531065531e-01 -1.1860304905424113e-01 -3.0779666406547662e-01 -5.2776678320567622e-02 -2.0337717497868263e-01  2.9922211157454387e-01 -2.2067107842697314e-02 -1.7656907922438106e-01 -2.1206974445423196e-01 -2.4327439630697323e-01 -6.6908440205760727e-02  2.5590557847419321e-01 -8.5945203402738077e-02  1.6301635351400164e-02  2.1916591830864550e-02 -4.4348921616360622e-02 -5.3214177031123543e-02  5.0817617682713909e-02 -3.4064182790153233e-02 -2.1366029386829608e-02  2.3642283996342699e-02
  5.5052225840681979e-01 -1.3254431402723907e-01 -5.3226373022201290e-01  7.0309090554658601e-02 -1.9575115358621717e-01  3.4483785575082637e-01 -3.7294427348914300e-01  1.1132484412333883e-01 -1.5510700942671294e-02  7.5209198443802236e-02  6.0170722511838776e-02  1.8413844337041535e-01  3.9134691145932071e-02 -2.7911406386687303e-02 -9.5553973466992820e-02 -5.9854406735878940e-02  5.0657026865875636e-02  9.1232718350718861e-02  6.7802579908979754e-02  2.1324059798559017e-02 -8.4711244329851179e-02  1.2381001007492150e-02 -7.2063366281411561e-03 -5.8832647033888377e-03  1.2052101591750457e-02  1.2885386607449697e-02 -1.2164737029840268e-02  8.5331079098575572e-03  5.7985124247678975e-03 -5.0732065134932247e-03
 -3.3608333555444597e-01  1.5624428295084758e-01  2.9167585840898397e-01  1.2880092556961906e-01  2.9086952368474495e-01  5.6419247704403819e-01 -5.0294817564166538e-01 -2.2275193891021366e-01 -9.1942654347605859e-02  1.3724521689859775e-01  5.5551875625962664e-02  1.0876137877793998e-01 -1.7984626405596733e-02 -4.8039774343440152e-02  2.0643014426576919e-03 -3.2121839874357419e-02  6.4292522759874501e-02  4.5173247204979013e-02  3.1701586676216240e-02  1.3802628806860753e-02 -4.5023977329509197e-02  6.7599363271345176e-03 -3.5606776400340773e-03 -2.8870676061775453e-03  5.8991665769450386e-03  6.3475700200797376e-03 -5.9394644383951893e-03  4.1801130193500060e-03  2.8421460558703889e-03 -2.4845372795381485e-03
  2.7190048952051338e-02 -6.4422091800807524e-01  2.4170184326364655e-01  2.8526347889136278e-01  2.2145818453080271e-01 -2.5287874152516898e-01 -4.0214887085496359e-01  3.3949639593880193e-01 -2.2485413927979002e-02 -1.7139464198592214e-01  7.1643594381201464e-03 -1.1352720727917730e-01  1.3782423386653734e-02  4.4791957499268155e-02  7.7958138701497400e-04  3.2288178329788510e-02 -5.8707507872333649e-02 -4.2304619926850084e-02 -3.0386751085884810e-02 -1.3453155859034283e-02  4.3340220052849605e-02 -6.5720739211947311e-03  3.3997095606122648e-03  2.7612116243488395e-03 -5.6400249471749622e-03 -6.0753312286260927e-03  5.6790582886424336e-03 -3.9958346656306515e-03 -2.7151500064338820e-03  2.3747997246012448e-03
 -7.7437490154378091e-02  6.4335006216224844e-01 -2.5493477125523140e-01  9.2505023914592859e-03  2.2475295831923667e-01 -3.0915006005143608e-01 -3.8411191296007396e-01  4.0531404900015372e-01 -1.6206938566380745e-02 -1.8404158675739285e-01  7.5782253849153783e-03 -1.0668211504487142e-01  2.1193740481340900e-02  4.8542331436117324e-02 -1.1673775822199946e-02  2.9517691133008683e-02 -6.1621999999072696e-02 -3.7228656423940118e-02 -2.6394775645514384e-02 -1.2802218518569598e-02  3.9197482831624469e-02 -5.9971981953289904e-03  3.0034837054548837e-03  2.4348772564651852e-03 -4.9690088922879965e-03 -5.3646791789543858e-03  4.9995613408957262e-03 -3.5212904705609802e-03 -2.3928858774911409e-03  2.0925600678149124e-03
  6.4972527089731424e-01  1.2323058976602472e-01  4.3519824597572804e-01 -4.5655175864073555e-01  4.0270272379641558e-01 -1.5422840915902895e-02 -1.8991263109621268e-02 -2.7410002733561520e-02 -2.2902722573951678e-02  2.1873121122231803e-02  4.0810324398597806e-03  3.9934324731611855e-03 -7.7331205839726962e-03 -7.0089101131044574e-03  9.9295034492268234e-03 -8.7080487040449477e-04  8.3425845460548230e-03  2.2348480824431555e-04 -2.0716450954278741e-04  7.5517212072663640e-04 -8.9758432869030391e-04  1.6992587594325911e-04 -1.8256728714648268e-05 -1.0685109943158769e-05  1.8614822653176176e-05  2.8677547663711703e-05 -1.5632796780325209e-05  1.3913659352080125e-05  9.8030781640917788e-06 -8.1207368328786643e-06
  3.2725973936910890e-01  3.3675801916313713e-01  4.6107152872036722e-01  6.2843887668534493e-01 -4.0880306679778378e-01 -8.9253126126267509e-03  3.3232991926703204e-02  3.8379630165509000e-02  2.9471473547793104e-02 -2.7875105618112378e-02 -5.2614888127654157e-03 -5.0277351436339886e-03  1.0441925486210670e-02  9.1794327745847743e-03 -1.3301235391275829e-02  9.4340365135813507e-04 -1.1116026272214702e-02 -3.5405401068727525e-04  2.8039136225603767e-04 -9.5967160429747929e-04  1.1344001973075694e-03 -2.1451997794453667e-04  2.3452018757898733e-05  1.3638771546565219e-05 -2.3876132093958682e-05 -3.6434620637209632e-05  1.9967437745008431e-05 -1.7797819656917428e-05 -1.2535343812977658e-05  1.0389117232712473e-05
-51.4793979509343
-84.65302279289513   59.13480913972202   15.47337786513377    5.17647091967595    8.296269179253017 -75.70709954318535  -33.90635828086141  -51.6805462108755     5.02463842703915   91.03190946032922   33.75063020580566   74.5703487818356     7.797746963077941 -77.76202804066298  -16.968923793231255 -85.2058076853376     4.532846548720485  32.96380575199785   19.402512755870845  47.291349768548514 -26.89781221915095   29.000401711796144 -78.3617076837041   -88.5724710129013   -93.16883671765513   19.25286457353559    8.988019989185148 -30.22541171429765  -39.3388654188487    25.239503128569424
