500000
1.e-08
30
1
-100
100
-34.88590082694703     -4.548961123587972   -22.854226963047637    29.59695100879992    -52.98823810846887      5.549695853640074     6.10850149932476      4.874126198833835    55.63767539079973      1.507045304293058    45.03690361004635     40.129456936312295    38.454377989201575   -59.81517417142109     76.30253159494276     -8.417951001180398    17.480682304149127    37.39638755740798     11.443151991998434    -0.26892627749688813   9.850614812401645   -73.22588993992241    -59.60898451658488    -79.6422448109034     -33.89543061613747     52.02902422194768      1.618954261109394    -6.335271598514112    75.48982978946901    -29.805269335329108  
-930.0625125622324
32121.97451128132  13178.917919634832  4178.19816395584  63030.48080814091  49105.314499444634 15148.877854844852 38304.24545080367   7088.034655530602 51032.081530401825 31764.449685578824 62124.4927581291   37863.27873907744  85982.45743235537  15292.787089870839  6589.081519167913 18113.82261395599   5554.846052703495 66451.39928276201  41210.65434838105  70058.436689956    82740.88709083122  50860.65788577616  76144.89765904643  78435.00688451523   9108.781466157341 77813.98323863973   4596.430258035705 23000.959148747777 13905.351364293243 84412.72255901215 
0 0
0 0 0 0
0.25
 1.8034404905339479e-05 -4.1017222302370626e-04  2.5031031072402296e-04  4.1408776812781271e-03 -3.3391390782445125e-03 -6.6616517231216331e-03  1.0075575663041594e-02  3.9578694375978336e-02  3.8244177880227374e-02 -1.7903984263615350e-02  5.2983128567501443e-03  2.2075006656111375e-02  3.1676491162809012e-01  7.9178239228206576e-02 -1.3376822999796925e-01  1.4385984185455691e-01 -2.2135980071011546e-01 -2.2990907431191090e-01 -2.5479714721647606e-01 -1.0716551027481210e-01 -2.6087959914510594e-01 -3.3544922028235841e-01 -1.5027082139942591e-01 -2.0742851684447694e-01 -4.8361507115631780e-01  2.7931256999154053e-02  2.5650724572356155e-02 -4.0164114027845133e-01 -6.7762131038598492e-03  1.7211029887112941e-01
 -4.7135528445474057e-06  1.0845130944660035e-04 -1.6623075397628656e-04 -2.5912452748053524e-03  2.0945004935599551e-03  5.7354487430129227e-03 -3.5158966303858785e-02  9.2602159275326484e-03 -4.2040429742779106e-02  4.2437406450754039e-03  7.4666816978126008e-02 -7.9075377326071050e-04 -7.8935252651797114e-02 -7.3731196022720491e-02  1.2297178634142467e-01  2.5802922587050865e-02 -2.5057225110586462e-01  1.0319812775139725e-01  4.6685630348754441e-02 -2.3025127906220821e-01 -3.5821381983088663e-01 -1.8078908565141910e-01 -1.2285000306094661e-01 -3.6137601473577402e-01  4.2959974033568082e-01 -5.8236604792620980e-02 -7.8183095961146074e-02  1.2647081317265929e-01  5.5359933453430121e-01  1.0942013474725773e-01
  0.0000000000000000e+00  2.6074244818832898e-06  6.7257840060816113e-05  1.0100824008619977e-03 -7.8615187667708695e-04 -2.0681923360954860e-03  1.8679663787732614e-02 -1.2147776114336636e-02  1.9496423284081889e-02 -1.4199734298388472e-01  1.7009769773419212e-01  2.1832469081943601e-01 -2.7427348617770186e-01  7.8998832494962257e-02 -4.5380032053766783e-02 -2.8790036560593642e-02  2.4710438584488295e-01 -2.1858280114173440e-01  1.9694477727021594e-02 -1.5248519156658011e-01  2.4123885692985017e-01 -4.8660978892164183e-02  2.6063650104766928e-01  1.6431051272631350e-01 -8.2625607340222687e-02  1.9914126618685132e-01 -4.2002410949662988e-01 -2.2410833787695689e-01  3.6429983859155107e-01  3.5239880122619205e-01
 -7.0749109900216689e-06  1.6029105540842125e-04 -5.5480054374249810e-05 -1.0290621801631054e-03  1.1099661584903838e-03  6.5537653129834174e-03 -2.5577659810378035e-02  1.6361709351811853e-02 -2.4861045374995314e-02  1.0080707236065629e-01 -1.0963581312139918e-01 -1.2787616812535255e-01  1.3853904577055701e-01 -7.3371178610365032e-02  1.5336447271005487e-02  1.0599596872843664e-01 -3.0732765608941748e-01 -3.4486681451037215e-01 -1.6891328202069084e-01 -2.4102842327636509e-01  5.1050612720536659e-01 -1.6737566999414685e-01  1.9821817724295501e-01  5.8278740111670835e-02  1.5549261962344052e-01 -4.9436224115642474e-01 -4.9606831444703056e-02  1.4326741343258481e-01 -9.6952342551170374e-03  2.9213741749169211e-02
 -1.7806873538968460e-07  1.3936549530698454e-05  2.4450443763666589e-05  4.0397532868163101e-04 -3.9958096212406479e-04 -2.5867403037630743e-03  2.0121136589820666e-02 -1.8355627336472145e-02  1.5920493256055809e-02 -5.8635138235006011e-02  2.2087288567562396e-02  1.5162140964948184e-01 -2.0283873523443033e-01  6.3212222124981565e-02 -9.3334536201193322e-02 -2.4174589101499975e-02  1.7841724036890153e-01 -2.6882022876310896e-01  6.3469974969856675e-04  1.4331986998542526e-01 -1.2851124848475137e-01 -3.8533359715587168e-01  2.3123204526921425e-02  7.4632633822034567e-03  4.6057895799681270e-01 -1.2333727218480815e-01  1.9271220468581575e-02 -4.3912928798274192e-01 -1.9260778349320859e-01 -4.1203570383866917e-01
 -1.1654707083261183e-05  2.8652576248855682e-04 -1.0836360665780053e-04 -1.7454581064614946e-03  1.3421812802591477e-03  3.2693438988212395e-04  2.4612604730807515e-02 -5.1538459969873780e-02  2.2959944897719417e-03 -1.0082240553946463e-02 -4.2258949310641725e-02  1.9420088710465622e-02 -2.5384914030517791e-01 -5.3580728843099258e-03  6.9065000995234480e-02 -5.3869999026721314e-02 -6.5266895740899375e-02  5.7324289725649613e-01  4.7000782474576328e-02 -1.8489011127494948e-01  3.9768528312109874e-01 -3.3862363974510529e-01 -3.9120482530338496e-01  6.6577697357312435e-02 -1.8953887134824746e-01 -1.2067885143006260e-01 -2.4416801500316537e-02 -2.2407799752509230e-01  5.3844637952832758e-02 -1.3628761552137778e-01
  1.4981786870032014e-05 -3.7608282295102527e-04  2.7922953595627446e-04  4.2684848459153581e-03 -3.6769161899140655e-03 -1.1545220054423272e-02  4.9786937528613989e-02 -4.2739109918286016e-03  6.4694884049795745e-02 -6.2694166958559380e-02  5.8237094847740792e-03  2.5634590669481608e-02  2.6545340686618596e-01  9.3401384542281737e-02  4.5568868435739464e-02  2.6180613641055855e-01 -2.7670991147171553e-01  3.0337065456885437e-01  2.4106118259085371e-01  2.4540588266173427e-01 -1.7479847795346901e-01 -3.4154558526217010e-01  2.4766335489534824e-01  4.0125911248785456e-01  1.0661394779853663e-01  3.4156628330327468e-02 -3.5875730212234469e-01  8.1163422647609576e-02 -1.4341337781969210e-01  1.1763042707777135e-01
  0.0000000000000000e+00 -3.7887446108684841e-04  1.6942226131355453e-04  7.4425981075337756e-05 -7.6151833706697186e-04 -7.3309172279572704e-03  3.1412552090348482e-02 -9.3609091600631369e-03  1.9680780957383910e-02  5.7784558842805041e-02 -2.0070750232027307e-01  5.4822757533809489e-02  5.7897282792223864e-02  2.9750999654604763e-02 -2.4679915462706734e-02  1.8797298351072567e-01 -2.1408344161675369e-01  1.7758247012360981e-01  4.0788743339711539e-02  8.8302151973080317e-03 -3.1933662460916640e-02  4.9590687279801182e-01  3.0599849639596965e-01 -9.4609870647465233e-02 -9.2877216900680321e-02 -1.7075024345680828e-01 -1.9327791638717556e-01 -4.2994642685603335e-01  2.5999613601198196e-01 -3.9426768167127946e-01
  5.9909754675177751e-06 -1.5625627072305877e-03  4.2498840199809400e-04 -2.8490514655910566e-03  1.1481907755894610e-04 -9.2108097577689382e-03 -2.9942054087675956e-02  9.0164004247997184e-02 -4.3889149106994901e-02  1.3269404677334123e-01 -2.0928023259477715e-01  9.8294562916272268e-02  1.3102227422445981e-01 -4.7003851149277857e-03 -2.5496242670675873e-01  2.3507104935996150e-02 -1.7087391460971976e-01 -1.8518683106329545e-01  4.7677399551316245e-02  6.8625213508310412e-02  1.9300091079006457e-01  1.7782109000034074e-01 -5.4462523096637583e-01 -6.8020442806339412e-02  2.1654667311707770e-01  3.1090472198847208e-01 -4.8660515652863773e-01  2.4468639997516101e-02 -1.0659372411176528e-01 -4.7429194293751448e-02
 -2.9488455781709351e-05  2.4601672494618783e-03 -1.6114447785148253e-04  9.1161493334863362e-03 -3.1410473681151014e-03  1.9093467116012293e-02  6.6238964581703308e-02 -9.7216253279701514e-02  1.1288591290277364e-01 -1.1901987810715434e-01  9.2730523604894158e-02 -2.2441819544986485e-01 -5.5531104009325066e-02  1.1125253552486290e-01 -1.8679838073876420e-01  1.4131775161510426e-01 -1.1962191734873383e-01 -3.9628107546908167e-02 -4.6747306490245782e-01  3.2652275989632412e-01  3.4204294872780407e-02  3.9484860404884442e-02 -1.9509025942286401e-01  4.3232713054713118e-01  7.6697952310923231e-02  9.3328964130580228e-02  1.9373689159980870e-01  4.7139830849131488e-02  4.3761009356703284e-01 -1.2217059273849887e-01
  1.1584422260011840e-04 -1.6787904519483356e-03  4.7657198254148342e-05 -6.1817939471506787e-03  2.4765903415699948e-03  2.4769999511012566e-02 -5.6709717537759732e-02  3.6376851580943427e-02 -9.9807429798242420e-02  1.7768814714189529e-01 -2.8366592073788610e-01  1.4752383462282601e-01 -5.0321614513561708e-01 -1.0410032825736143e-01 -3.7443088739079750e-01 -6.4899005098711104e-02 -1.4897847303312720e-01  6.9228664220397279e-02 -1.1529069840832189e-01  3.9583763503491631e-01 -1.4208941644917897e-01 -4.4602298655349953e-02  8.7273007586392559e-02 -1.1312713958444175e-01 -1.3664015161553208e-01 -2.8850664051595371e-01 -6.2429060357250078e-02  1.0322431171076464e-01 -5.5186122580527137e-02  2.8895949478413324e-01
  0.0000000000000000e+00  0.0000000000000000e+00 -1.6438724714268527e-04 -4.9466665984703607e-03  3.5460339401490707e-03  1.1723612701088482e-02 -3.0900295985454147e-02 -9.2515931881320592e-03 -6.1003547000163666e-02  1.0837264217297257e-01 -1.4908381323340905e-01 -1.3237523883912096e-02 -2.5038528744701122e-01 -1.0622593898516972e-01 -2.8821841060165522e-03  4.9978021257916144e-02 -2.7191624132397263e-01 -1.8469350024484341e-02 -1.6410995694208358e-01 -1.5198469795878919e-01  7.6711953412842551e-02 -2.4060029434772862e-01  3.6018619931401008e-01 -1.1409756628147838e-01 -1.0058982413421126e-01  6.2136824778500832e-01  6.1324010081198199e-02  1.8970674750834293e-01 -5.5735884955615676e-02 -3.3841658813290465e-01
  2.2145842631436237e-04  1.3214748494020618e-04 -3.7570144317241948e-04  9.9885215154553314e-03 -7.1789136717931171e-03  2.3057885126881644e-02  9.9207502835605588e-02 -1.6294121171798578e-01  1.2720670144231971e-01 -2.2168855792610972e-01  1.9856070384311433e-01 -1.1506680623682509e-01 -9.5877672188592819e-02  1.3667528446765490e-01 -2.5675056290077759e-02  8.6954447436494650e-02 -1.7818264026198016e-01  2.6210991987354143e-01 -3.6268447324855441e-01 -4.4619476983937131e-02  1.3154670922438672e-01  2.0724970236332718e-01  1.0598934747094223e-01 -2.7996792157111949e-01  3.3142898031274437e-01  1.1304495622901962e-01  4.1179933836703337e-03 -2.1107840691633814e-01 -3.8612272973322531e-01  3.2969278594352575e-01
 -1.5042763086853072e-04  6.1764226994244509e-04  4.1406536591320401e-04 -3.0547311488069197e-03  3.1294924678337589e-03 -3.2238240198762479e-03 -1.1492777601879384e-02  5.9352911229977413e-02 -2.7739337093600585e-02  1.5091650531835998e-01 -2.7717408640652830e-01  1.9138374264087054e-02 -3.5837923698567191e-02 -7.5195772482449991e-02  4.9237015803614635e-02  2.8011385869302757e-01 -1.2136550952714875e-01 -8.2690067447529741e-02  3.8799287702867402e-01  6.8083859838789271e-02  1.7044926603889254e-01  3.2576355688516488e-02 -2.5546930359089958e-02  1.0365123507649183e-01  1.8292140717806715e-01  2.1915889201105246e-01  5.2379388572844787e-01 -3.2073069472480614e-01  9.1514261750188591e-02  3.4986536425905146e-01
  0.0000000000000000e+00  0.0000000000000000e+00 -4.8523667859174833e-04  4.7760364604354415e-03 -3.9105988700143335e-03 -4.9786560607709932e-02  1.6058136760969129e-02  6.0936983203329971e-02  6.2546238018871048e-02  1.0836263779891103e-01 -2.4694351714589952e-01  3.7888595801993613e-01  4.0624940884286892e-01  2.2221647057124239e-01 -1.0589248097515803e-01 -5.5989688133224602e-01  1.9369435219695152e-02  2.0773479475216644e-01 -2.0076576859526904e-01  5.6624122657221949e-02  1.2615195677837937e-01 -8.8457855485422010e-02  1.7437532368287123e-01 -1.0553574626683968e-02  1.7020446908085413e-01  7.8526636424280594e-02  1.6275066665400081e-01 -2.1927809734141390e-02  1.6081344599834430e-01  7.0286756300490624e-02
  0.0000000000000000e+00  1.2853303780014020e-03 -1.7682377438032653e-03 -1.8972263778508750e-02  1.5005665775344996e-02  2.5367668342270382e-02 -1.7774358240011939e-01 -1.4818683304746100e-01 -2.4248378925686426e-01  2.4411894693546468e-01  1.9880441043204342e-02 -5.0065341030522137e-01  8.1327054884810401e-02 -3.9530000389914249e-01  1.5520637284598085e-01 -4.1871590644431084e-01 -2.3737809766052224e-02  1.7531462466877298e-02 -8.1805271743200653e-02  1.2120293302650069e-01 -6.5080596415879127e-02 -2.5272763065225325e-02  6.2848883081463081e-02  1.3882160813166280e-01  5.5652105522665904e-02  8.7935913802745361e-02 -1.7522031136711383e-01 -3.3141136767395651e-01  4.1870446649137812e-03  1.0841109857197190e-01
  3.2491632854657468e-04 -1.5724320103285713e-02  3.8786889515776309e-03 -2.3445418369005343e-02 -4.5955860313067094e-03 -7.5920207431836251e-02  2.9032218789897625e-02  4.2992107350471509e-01 -2.1655921345683482e-01 -2.0320464762035452e-02  7.3920289337971123e-02  2.5202254534213137e-01 -1.5367296676676737e-01 -1.0651401040391287e-01  5.4450140387676635e-02 -1.0263796962574008e-01 -2.3604203541559909e-01  1.6241655072842847e-02 -1.9771333834531196e-01 -3.9388551405373107e-01 -2.6379664875963288e-01  1.9971657492731651e-01 -7.7280399671433728e-02  4.7710688722035755e-01  6.7934485167147868e-02 -3.3896442993260112e-02  6.8586959482069734e-02 -8.1136441192936518e-02 -1.7717482581724825e-01  3.5222774469615470e-02
  1.6388672910988970e-03 -4.6587094029667354e-02  9.7032936434763625e-03 -4.9166697934484825e-02 -3.1203674057315937e-02 -2.0171380746408418e-01  5.7245213532212458e-01  4.2436447462454602e-01 -1.9943530420021197e-01 -3.3826896489131703e-01 -1.8653471149090053e-01 -3.9240308246612071e-01 -3.7201247204248639e-02  1.1376610658508482e-01 -4.4639647623705599e-02 -1.7369790964589396e-01 -1.1887960484936492e-02 -3.5214912140738887e-02  1.2732047399054733e-01  8.9421297907594829e-02  4.9224452640962486e-02 -6.1934502509944693e-02  5.2425148373547198e-02 -1.3063999416343422e-01 -2.1726052530752642e-02  1.4942465877588644e-02 -3.4659651048989458e-02 -9.2473158626868932e-03  5.2499020266384186e-02 -3.9140761205704890e-04
 -2.9660503652351785e-03  2.5438159205592989e-02  3.3700788869954837e-04 -3.2699539241853801e-02  5.4088350892003104e-02 -2.4906795255755426e-01  7.2205831132033577e-02 -1.7410284653652339e-01  2.5629652506370827e-02  2.4322145319287211e-01 -4.6933817085092688e-01 -8.9371785836675599e-02 -1.4929219455679707e-01  3.9968938858566555e-01  4.8608891461372777e-01  1.1740897742024785e-01  1.9003924982867934e-01 -6.0630444873126139e-02 -2.4409446301031942e-01 -8.1912990234499869e-02 -1.6399116216239507e-01  9.3424080649847957e-04 -8.3761067349336665e-02  8.2643045594247816e-02  1.5525596609170807e-02 -1.2229143873428123e-02 -1.3630225401286447e-01  2.3181036129310450e-02 -5.1387951244708588e-02  9.2914134544609575e-02
  3.1172207671751645e-03 -4.1988117820991835e-02 -8.0254503977515504e-03 -7.4719872107247134e-02 -1.4883876814476046e-02 -4.0773026970044490e-01  2.4582773398324501e-01 -3.5322446615950470e-01 -4.8157618634227395e-01 -1.5167130531571635e-02 -2.1286407412890888e-02  1.8317601068570588e-01  1.8658267586856109e-01 -3.2450165167381390e-01 -2.2338681327039248e-01  2.7059125244874510e-01  2.4754206858336164e-01  1.2521967318629432e-01 -1.3764128561945713e-01 -8.4609067862849455e-02  5.3457616510818482e-03 -2.9817568145519554e-02  1.7903578664767772e-02  3.1142211816698579e-03  6.1644695308357228e-02 -4.7930300093104836e-04  3.0898483591337813e-02  4.3318197669829424e-02  2.1906713803891264e-02  1.0364775687800703e-02
  9.8936964653601562e-04  7.9300635072858533e-03 -1.0663337097949548e-02 -1.0611371680188393e-02  1.2919871047351124e-02  3.3466711630050605e-02  1.1048062456188619e-01 -5.8793837301300356e-01 -6.2308409525318978e-02 -1.5221289705516525e-01 -8.3376510929688272e-02 -7.9289142181659167e-02 -9.6162636524319819e-02  2.7408716663340255e-01 -2.7280084138406502e-01 -3.0343343713787857e-01 -2.8776250114801061e-01 -1.4732345960136381e-01  3.1408364139313794e-01 -2.7817603640273275e-01 -1.4646496191657149e-01  7.4747740629693665e-02 -3.0115080371392853e-02  1.7271940576514291e-01 -4.7015610066719490e-02 -2.6345735274349441e-02  7.0093860514451919e-02  2.8143318695703985e-02 -4.8549159713753273e-02 -1.0290277507171930e-02
  1.1448570418243837e-02  1.6127822199953432e-02 -6.7322882022647565e-02  1.0688380201817252e-01 -6.6701118942107951e-02  7.5890895702764238e-01  1.4114480103186094e-01 -5.0700935755286072e-02 -1.4265398875068619e-01 -2.5165518499805273e-01 -3.9455589427764814e-01  1.5869511245894929e-02  8.5954781300931579e-02 -1.5588323069517387e-01  2.3144303584782137e-02  9.8332502029032778e-02  2.1466079003679006e-01  5.2062745038637497e-02 -1.3558587361125382e-01 -1.2668065065995110e-01 -7.9950075353808936e-02 -2.2707294469767117e-02 -1.0584754603615279e-02  5.8076577797344563e-02  4.7677955896081169e-02  1.5863926472344447e-03 -4.1288975952055731e-02  1.7845043180338187e-02 -2.6008061354196935e-03  3.6729181002140183e-02
 -8.5666986752388832e-03  6.1745723228828070e-02  2.3856881285219258e-02  4.0652306781158404e-01 -5.0344637906106188e-02 -2.3177049018827109e-01  2.0672961215294627e-01 -2.3056656553871794e-02  6.4248872258871403e-01  1.6285923276696791e-02 -1.9363749024360447e-01 -7.6897443436072382e-02 -1.4559307415650440e-02 -4.1792571800491002e-01 -1.5996901548846490e-01 -4.8841571189797366e-02  9.7853858805431668e-02  1.5517225725960971e-02  5.7310494868479409e-04 -1.9485659060198218e-01 -1.1248160383327337e-01 -6.0556845448471340e-03  6.0037918217619593e-03  8.4746400068776706e-02  3.1653081790746475e-02 -1.6776183194529494e-03 -3.7702716612805283e-02  2.9151911106789003e-04 -2.1063728165555282e-02  2.9757932151124263e-02
 -2.2404523478051943e-03 -3.3747197189710121e-01  1.9195014918222097e-01 -7.3992099023775471e-01 -1.2083743075792469e-01  4.7291561506224801e-02  1.5995638739547519e-01 -1.0623009219983585e-01  3.2161832842402788e-01 -8.9389697676885593e-02 -7.5981405293952503e-02  1.2890443927122092e-01 -1.2237799041772470e-02 -2.6626660079864989e-01  1.4980548974901423e-01 -7.0197465313758659e-02 -6.9054959382125206e-02 -6.8995112742280429e-02 -1.8712560641528028e-02  4.9737094439396314e-02 -1.6122499781504960e-02  1.5624546541580343e-02 -4.0507420991223078e-02  1.6059012459661529e-02 -2.5931042184374836e-02 -3.1668031542376935e-03 -1.6398143787408798e-02  3.7349251592733814e-03 -7.8806769749375540e-03  7.2231422686694089e-03
 -9.0846198415235474e-02 -2.6477005551739935e-01  7.1804628669808734e-01  1.8101783017034537e-01  6.0966209247555914e-02 -1.2498153641937627e-01 -4.1513299537579951e-01  2.5888110474180787e-02 -8.8174001770030513e-02 -3.5196863344886015e-01 -1.9640408941944029e-01 -6.3635405204454862e-02  1.9948097237850293e-02  2.4994421965053505e-02 -3.7986063394790152e-02  2.2327230633088394e-02  4.1240443066406396e-02  2.6710840936004787e-02 -1.2457341728942334e-02 -2.7377925104105364e-02 -2.8208310547949119e-03 -6.7737591682506719e-03  1.0443229953072836e-02  1.0446625441341141e-03  1.3345094127010874e-02  5.1747888472091538e-04  3.4059402174412110e-03  3.9330364576663085e-03  2.5935188170712947e-03  1.7815620554223373e-03
 -6.4785092888105841e-02 -1.8465970914116767e-01  5.0894600851196548e-01  1.3192898973577641e-01  1.1747747730403840e-01  2.6518615935163875e-01  4.5943994317814923e-01  5.4079722821531208e-04 -3.3101622200939075e-02  5.4460202819714709e-01  2.5496578171471346e-01 -1.4124337199057240e-02 -6.8970796110923906e-03  1.1858209298133486e-01 -8.0241236961624371e-02  3.4205337683760995e-02  4.0461078666942797e-02  2.5068075528823897e-02  1.3201689592298180e-02 -4.8616765068701419e-02 -1.1586052051925992e-02 -5.9992873185747073e-03  1.4940021916174891e-02  8.5461820438996576e-03  1.2630800094491607e-02  1.3421325737106610e-03 -9.3390578558445606e-04 -4.0982644662677578e-03 -5.9125775001597086e-04  1.0444068173171448e-03
  1.1256074413000026e-01 -4.5922403238196491e-01 -1.2543032541718829e-01  4.6273349825988735e-01 -1.4849576216914659e-01 -2.8744296022281842e-02  1.6927923052073110e-01 -1.6318009789794699e-01 -9.9074302421536323e-02 -1.2274870318758677e-01  7.5655823684229156e-02  2.7445485796579855e-01 -3.8155543302619423e-02 -1.0918388156632269e-01  4.0733797834991131e-01 -1.0671861965518610e-01 -2.3893023175970085e-01 -1.4847205792862497e-01 -1.1513437151339729e-02  2.6669487407050779e-01  7.1212475393573033e-02  3.6827806003712722e-02 -7.7096553315975203e-02 -4.7165725113453766e-02 -8.0864311664058636e-02 -4.2847352369521675e-03  3.0058965672021803e-03  1.1487855787076487e-03  1.8834412972992380e-03 -1.5747398717178111e-02
  7.9878227281764980e-01 -2.1164161487014421e-01 -5.8556461265164082e-02 -3.2874917316370288e-02  5.3928678632524218e-01  8.5605531178698530e-03 -3.5196272829107686e-02  3.5765345831754114e-02  4.6095437095819015e-02 -1.1541838770641162e-02 -3.0257714910514211e-02 -4.7990996521451001e-02  1.2495335305316586e-02 -6.5260185047793543e-03 -8.1881526868155127e-02  1.8410943813694174e-02  4.6722902571064429e-02  2.9033344045350077e-02  4.7618761105869376e-04 -5.1589917184564536e-02 -1.3991653896868623e-02 -7.2358447320657517e-03  1.4772035166166587e-02  9.1263568046987785e-03  1.5973494705952371e-02  7.3920765728088128e-04 -5.1858269638527786e-04  3.9651942785621868e-04 -3.2493356235676002e-04  3.3350573905245322e-03
  0.0000000000000000e+00 -6.4499255228412877e-01 -2.9568905788230898e-01  5.5587629484985966e-03 -4.0813081966173842e-01 -7.6385742204272775e-03 -1.8425057478817308e-01  1.0633807091829123e-01  2.0191878506566757e-02  1.8089959962740060e-01 -1.6333965206154020e-02 -2.2069040150539163e-01  6.3433931368076331e-03  1.8823083887572159e-01 -2.7377721593235843e-01  8.3581371999367035e-02  1.6724316146744847e-01  1.0392309250820472e-01  1.4481296383729010e-02 -1.8870598929308097e-01 -4.9605095118833813e-02 -2.5653527349485259e-02  5.5062952255795196e-02  3.3363534794959723e-02  5.6019422592753998e-02  3.3559628770670770e-03 -2.3543186595585057e-03 -3.0509882601351341e-03 -1.4751819063226080e-03  1.0097428103470323e-02
  5.8016805339844046e-01  3.1818048861173692e-01  2.7668016031976578e-01  0.0000000000000000e+00 -6.9048696044768643e-01 -1.2923150229106178e-02  0.0000000000000000e+00 -1.2585572457352418e-02 -4.4725800748562083e-02  5.2902869104152976e-02  2.7587592747993946e-02  0.0000000000000000e+00 -1.0713806738901087e-02  4.6206609630905407e-02  2.0899717704801760e-02  0.0000000000000000e+00 -9.6877520633235278e-03 -6.0198644000716154e-03  2.6592858089239182e-03  9.8241215232330141e-03  3.0040334406184416e-03  1.5535511794314495e-03 -2.5906766259142593e-03 -1.7419561842734498e-03 -3.5616662317264512e-03  0.0000000000000000e+00  0.0000000000000000e+00 -1.0472005920719159e-03  0.0000000000000000e+00 -1.0887319013210611e-03
-930.0625125622324
-34.88590082694703     -4.548961123587972   -22.854226963047637    29.59695100879992    -52.98823810846887      5.549695853640074     6.10850149932476      4.874126198833835    55.63767539079973      1.507045304293058    45.03690361004635     40.129456936312295    38.454377989201575   -59.81517417142109     76.30253159494276     -8.417951001180398    17.480682304149127    37.39638755740798     11.443151991998434    -0.26892627749688813   9.850614812401645   -73.22588993992241    -59.60898451658488    -79.6422448109034     -33.89543061613747     52.02902422194768      1.618954261109394    -6.335271598514112    75.48982978946901    -29.805269335329108  
