500000
1.e-08
30
1
-100
100
 59.530997784479524   34.76000248355072   -47.55026976486592   -45.2842162850564    -36.751749926041285   30.58592113322591   -64.31830592043121    16.196594694946498   49.32805434697232    59.48151310778857    38.68216884240607    38.73707055547658   -26.857199792969055  -32.8342183147405     10.882078537181684    5.26009781948224    55.66964378782944     8.670348283701742    2.0881048264040487  70.99962907564384   -21.41223737219473   -65.78820283848103   -38.94077311785253     3.6884616766114675  54.97044430683485    22.587451625886246  -53.24112024469617   -44.433158888651846   30.596920886512493  -43.10807023136496  
-525.4767355111695
9.9999967823538915e+04 1.4230733938689702e+03 8.8949037984513416e+04 9.9999995982495471e+04 9.9975011276515812e+04 1.0439340159404464e+00 1.5205150815960958e+04 1.0000000000000000e+05 2.1248482665058042e+00 9.9975006376614838e+04 8.2151753845043510e+04 9.0181035185440734e+04 2.3083414970697905e+01 1.0000241163864090e+00 9.9996979275877238e+04 8.6813166553071471e+02 2.1971174617311019e+04 8.7411376839238455e+03 9.9999737256487133e+04 4.9597594800118815e+04 3.4966821547369352e+02 7.2481022831152266e+04 7.6962569122151181e+04 3.2413087723246706e+04 9.8538335142571680e+02 3.1297501258661971e+00 9.9995606410782362e+04 1.1374297882768187e+04 1.0000000000000000e+00 9.9968113606805491e+04
0 0
0 0 0 0
0.75
-1.9808394730420670e-05 -4.0305415469204235e-04 -3.6985124300582938e-03 -2.0039372430242289e-02 -7.0232277517653666e-02 -1.6265635163883860e-01 -2.3857072376663821e-01 -1.8081613756835055e-01  1.5427984901487007e-02  1.3171240100761791e-01  2.0104973143831629e-02 -9.3737433158429237e-02 -2.0731540212919949e-03  6.9283548214179910e-02 -2.5734911796529283e-02 -3.8501759543268635e-02  4.1508767038789515e-02  1.0792570169450527e-03 -3.1302367578866272e-02  2.3698923818204633e-02  2.7599098294088789e-03 -1.8733443365951202e-02  1.3810339355227194e-02  2.4629131187158242e-03 -1.7350517321626267e-02  2.9856921707508841e-02 -5.5947107042317736e-02  1.3183524074072231e-01 -3.3352845613851784e-01  8.4148255632420421e-01
 -2.0872762285304499e-05 -4.6651424267180297e-04 -4.7158806708861309e-03 -2.8317602686717215e-02 -1.1120750115246274e-01 -2.9467992261984610e-01 -5.1758443837093204e-01 -5.4359000560585236e-01 -1.9901262614239079e-01  2.2139897247209292e-01  2.0155041359815110e-01 -1.2702374131963004e-01 -1.2975886309462109e-01  1.1778630727317865e-01  5.1031307615193415e-02 -1.0775928922098915e-01  2.2707001498910837e-02  6.3357241958714144e-02 -6.0794042712212740e-02  8.8042870423794286e-04  4.2446649168587543e-02 -3.6925819704233268e-02  3.9934233159894849e-03  1.9864876656084451e-02 -1.8110519262462352e-02 -1.8269055598920756e-03  2.7208004308981844e-02 -6.0942735864007114e-02  1.3583480342472307e-01 -3.3352845613851806e-01
  3.0321978679413955e-05  6.0488317902716458e-04  5.3364196805429443e-03  2.6931281539482269e-02  8.2767928996391404e-02  1.4464240467057041e-01  7.3699150822082143e-02 -2.5469947577589785e-01 -5.9403104046782429e-01 -4.0675537098556541e-01  2.1576296184408872e-01  3.5363457277743748e-01 -1.4850000369056893e-01 -2.3665925727522011e-01  1.7973677949818592e-01  9.8445022730608789e-02 -1.8353139130104781e-01  3.9833395656454100e-02  1.0651284738839958e-01 -1.0836526111876299e-01  1.0569682223122776e-02  6.7274972533970301e-02 -6.6323781107158822e-02  1.5177679572758968e-02  2.7450048099575994e-02 -3.1107345674936136e-02  5.3781423438338397e-03  2.6647286232161449e-02 -6.0942735864007037e-02  1.3183524074072245e-01
 -4.4048908259840394e-05 -8.4504906503464440e-04 -7.1791709564292721e-03 -3.5132584999462188e-02 -1.0730090496879148e-01 -2.0499234471151431e-01 -2.2832288306892554e-01 -1.3476561772674905e-01 -1.4147052763444573e-01 -4.0628928376905926e-01 -4.6355866342678143e-01  8.2983923697166881e-02  4.2563795263855142e-01 -7.6328653160856672e-02 -3.2459838622165871e-01  1.7665780292681635e-01  1.6557871121403250e-01 -2.3016438321105784e-01  2.7758620315588591e-02  1.5000531115054019e-01 -1.3805142127514511e-01  7.9374354190826519e-03  8.8977112030831237e-02 -8.4700071010990918e-02  1.9669741543972455e-02  3.2219795594767238e-02 -3.5506371608845684e-02  5.3781423438339490e-03  2.7208004308981966e-02 -5.5947107042317777e-02
  6.3990095745339285e-05  1.1786976476281597e-03  9.5619702491540736e-03  4.4276097695991695e-02  1.2558691188012638e-01  2.1148412958856466e-01  1.6147588625563483e-01 -8.4890110155936990e-02 -2.9915476890629594e-01 -2.8862393661072661e-01 -2.9774199796485662e-01 -3.7155376863616896e-01 -2.2492777346617386e-02  4.0201744201123790e-01  1.3563309559542252e-02 -3.6277296849016688e-01  1.3766772370091954e-01  2.2283013774132360e-01 -2.4915976551228311e-01  4.2463482109555356e-03  1.8379450789638332e-01 -1.5362713680811863e-01  1.6697918169145693e-03  1.0307535276787616e-01 -9.3330017975028198e-02  2.0785412961982774e-02  3.2219795594767314e-02 -3.1107345674936109e-02 -1.8269055598921981e-03  2.9856921707508935e-02
 -9.2958770495360412e-05 -1.6412490437385427e-03 -1.2685173706395195e-02 -5.5454282468411345e-02 -1.4620780978085118e-01 -2.2151635091908395e-01 -1.3543250268881041e-01  9.0609797492530134e-02  1.1343372165146555e-01 -2.0910117757712243e-01 -4.2997913420210276e-01 -3.3459782248121062e-01 -2.5679140634647640e-01 -4.9418354694835326e-02  3.3416633193604112e-01  7.7695463952736438e-02 -3.6112241963700348e-01  9.1090573383893828e-02  2.6083629661784052e-01 -2.5121973370428524e-01 -1.8334607718785114e-02  2.0543572149849865e-01 -1.6038469252085275e-01 -2.7264188306327466e-03  1.0790028415219644e-01 -9.3330017975028240e-02  1.9669741543972503e-02  2.7450048099576057e-02 -1.8110519262462293e-02 -1.7350517321626246e-02
  1.3504172655716772e-04  2.2810345763749594e-03  1.6755400231108702e-02  6.8903256683500488e-02  1.6775503973281078e-01  2.2425751912796460e-01  9.1377588388273409e-02 -1.4011108448590806e-01 -1.1983365303405638e-01  9.0000912599192712e-02 -5.9766308683674760e-02 -4.5202287436820415e-01 -4.3243485963729311e-01 -1.9031041975508689e-01 -2.0502391287680943e-02  2.6684592012368347e-01  1.0896228729478288e-01 -3.4053157074105206e-01  5.2543522310230267e-02  2.8182018206693543e-01 -2.4683969227991745e-01 -3.3554874710081881e-02  2.1572181403548282e-01 -1.6218340121790900e-01 -2.7264188306327384e-03  1.0307535276787609e-01 -8.4700071010990988e-02  1.5177679572759027e-02  1.9864876656084444e-02  2.4629131187158216e-03
 -1.9617587253320046e-04 -3.1637276428428374e-03 -2.2025733471792881e-02 -8.4854640759990843e-02 -1.8933313059331519e-01 -2.1848989456727524e-01 -3.9650408518765633e-02  1.6866077569284557e-01  5.8010157519407676e-02 -1.6316106748166115e-01 -4.0563901165753292e-02  1.2594123473248892e-02 -3.9296912742632356e-01 -5.1696283300028689e-01 -1.7600352800286403e-01  2.7594682823243750e-02  2.1887395359192219e-01  1.1747216690288149e-01 -3.1748725241191605e-01  2.7130555154953672e-02  2.9139094563175305e-01 -2.4301266843398384e-01 -3.8836810935280595e-02  2.1572181403548282e-01 -1.6038469252085280e-01  1.6697918169146474e-03  8.8977112030831224e-02 -6.6323781107158877e-02  3.9934233159894623e-03  1.3810339355227172e-02
  2.8498578880262258e-04  4.3781402876216652e-03  2.8800485104990319e-02  1.0345591934901789e-01  2.0960894652959369e-01  2.0223453354950927e-01 -1.7696974492421046e-02 -1.7970519955588810e-01  7.0241298387833436e-03  1.5764135391027320e-01 -7.4896213816708648e-02 -1.4334033977039745e-01  3.7498903839642377e-03 -3.1638054708078212e-01 -5.6447922105581616e-01 -1.9115398564016026e-01  7.1195907849019385e-02  1.9114382654972842e-01  1.1576938785727930e-01 -3.0114037436076679e-01  1.4892819170984865e-02  2.9403847069794004e-01 -2.4301266843398384e-01 -3.3554874710081971e-02  2.0543572149849873e-01 -1.5362713680811857e-01  7.9374354190827282e-03  6.7274972533970384e-02 -3.6925819704233087e-02 -1.8733443365951133e-02
 -4.1400045158819412e-04 -6.0437139316057362e-03 -3.7437029231012081e-02 -1.2470649654872394e-01 -2.2679418397163859e-01 -1.7393100480369339e-01  7.6144505275020424e-02  1.6814017511376933e-01 -7.4806615865588358e-02 -1.2846078139462566e-01  1.2660699962686092e-01  3.1226620816008317e-02 -1.8188107048166546e-01 -4.2678200795026780e-02 -2.5649545626286108e-01 -5.8194908517876931e-01 -2.1396470234715809e-01  1.0101564961504907e-01  1.7802828436591225e-01  1.1277798718981649e-01 -2.9536380030056270e-01  1.4892819170984641e-02  2.9139094563175305e-01 -2.4683969227991742e-01 -1.8334607718785062e-02  1.8379450789638332e-01 -1.3805142127514519e-01  1.0569682223122824e-02  4.2446649168587515e-02  2.7599098294088520e-03
  6.0142077482304055e-04  8.3200502025245482e-03  4.8342112449387853e-02  1.4837199772614471e-01  2.3863084574725199e-01  1.3280436265156900e-01 -1.2961018594796941e-01 -1.3211723634119002e-01  1.3245926395968752e-01  6.8948349319717148e-02 -1.5672573296227527e-01  4.4536771102591508e-02  1.0031600220217743e-01 -1.7626052297939448e-01 -9.1410517298381649e-02 -2.2020826848903466e-01 -5.8405656605580203e-01 -2.3141174224893074e-01  1.1559434202462010e-01  1.7431090293598472e-01  1.1277798718981635e-01 -3.0114037436076668e-01  2.7130555154953787e-02  2.8182018206693532e-01 -2.5121973370428524e-01  4.2463482109555296e-03  1.5000531115054014e-01 -1.0836526111876289e-01  8.8042870423800379e-04  2.3698923818204608e-02
 -8.7368732812044385e-04 -1.1418793829266706e-02 -6.1958761968085620e-02 -1.7387510403238546e-01 -2.4244302640979151e-01 -7.9358144823673260e-02  1.7076510188411331e-01  7.3466215208531610e-02 -1.6703186062730219e-01  1.0027202278878355e-02  1.4411177932871921e-01 -1.1842723650677953e-01 -2.9395971989167761e-02  1.3046412996288190e-01 -1.5488371540587872e-01 -1.2644700980996734e-01 -2.0253619807922454e-01 -5.8227598825818283e-01 -2.3772990580479747e-01  1.1559434202462017e-01  1.7802828436591261e-01  1.1576938785727921e-01 -3.1748725241191617e-01  5.2543522310230219e-02  2.6083629661784058e-01 -2.4915976551228314e-01  2.7758620315588706e-02  1.0651284738839960e-01 -6.0794042712212809e-02 -3.1302367578866244e-02
  1.2692104750502489e-03  1.5618043914223180e-02  7.8738214498721801e-02  2.0016465425175883e-01  2.3529313206592295e-01  1.5915397057009648e-02 -1.9183366157850998e-01  1.1879504291444384e-03  1.6745616202180061e-01 -9.0799216769904767e-02 -8.7474660509714613e-02  1.5495341118762310e-01 -6.5072922303378467e-02 -7.6767694032683728e-02  1.3807896004927939e-01 -1.3642492038662962e-01 -1.4389802787478675e-01 -1.9744373214332978e-01 -5.8227598825818272e-01 -2.3141174224893080e-01  1.0101564961504902e-01  1.9114382654972842e-01  1.1747216690288134e-01 -3.4053157074105206e-01  9.1090573383893744e-02  2.2283013774132360e-01 -2.3016438321105787e-01  3.9833395656454045e-02  6.3357241958714158e-02  1.0792570169450555e-03
 -1.8437891659053632e-03 -2.1279147497011416e-02 -9.9089152373668915e-02 -2.2557116219708620e-01 -2.1428781433260355e-01  5.2883589586738583e-02  1.8593815077953449e-01 -8.0005473733553240e-02 -1.2822805511347893e-01  1.5072598260665662e-01 -1.0863331085856356e-03 -1.3604890561938784e-01  1.3716774618327462e-01 -2.3772735398286355e-02 -1.0045509114386492e-01  1.3805974950703415e-01 -1.2950461645830608e-01 -1.4389802787478678e-01 -2.0253619807922457e-01 -5.8405656605580214e-01 -2.1396470234715820e-01  7.1195907849019233e-02  2.1887395359192235e-01  1.0896228729478286e-01 -3.6112241963700348e-01  1.3766772370091951e-01  1.6557871121403245e-01 -1.8353139130104773e-01  2.2707001498910879e-02  4.1508767038789536e-02
  2.6784828483041034e-03  2.8865078882701661e-02  1.2329405237971916e-01  2.4766768265558178e-01  1.7708004052491577e-01 -1.1978163914819127e-01 -1.4898952457371037e-01  1.4672416585375178e-01  5.3136070065142205e-02 -1.6792349062648973e-01  9.4795534950917776e-02  6.1015335737240967e-02 -1.5185276750249127e-01  1.1791475702422799e-01 -2.6931826611391561e-03 -1.0736217109739785e-01  1.3805974950703409e-01 -1.3642492038662959e-01 -1.2644700980996729e-01 -2.2020826848903499e-01 -5.8194908517876920e-01 -1.9115398564016026e-01  2.7594682823243847e-02  2.6684592012368341e-01  7.7695463952736424e-02 -3.6277296849016683e-01  1.7665780292681629e-01  9.8445022730608719e-02 -1.0775928922098911e-01 -3.8501759543268628e-02
 -3.8910470358124987e-03 -3.8958398790887791e-02 -1.5137995521200301e-01 -2.6317177334092567e-01 -1.2260174019722492e-01  1.7503165223031059e-01  8.1950094440476157e-02 -1.8320685415159751e-01  4.2230390710183946e-02  1.2945900018557388e-01 -1.5785232860746121e-01  4.5880106971985635e-02  9.2931741764288089e-02 -1.5444512223085111e-01  1.1031129008981237e-01 -2.6931826611392086e-03 -1.0045509114386481e-01  1.3807896004927930e-01 -1.5488371540587864e-01 -9.1410517298381594e-02 -2.5649545626286102e-01 -5.6447922105581605e-01 -1.7600352800286398e-01 -2.0502391287680784e-02  3.3416633193604134e-01  1.3563309559542391e-02 -3.2459838622165865e-01  1.7973677949818589e-01  5.1031307615193401e-02 -2.5734911796529227e-02
  5.6525458225320973e-03  5.2274646187765603e-02  1.8292923629548494e-01  2.6794873821332982e-01  5.2025375239891564e-02 -2.0724527534656081e-01  6.9853588455278948e-03  1.7404785880058135e-01 -1.3098177027898658e-01 -4.0018254066505624e-02  1.5798870353054739e-01 -1.3830903427106539e-01  2.0039740009108787e-02  1.0231970978869934e-01 -1.5444512223085102e-01  1.1791475702422795e-01 -2.3772735398286358e-02 -7.6767694032683589e-02  1.3046412996288173e-01 -1.7626052297939440e-01 -4.2678200795026676e-02 -3.1638054708078223e-01 -5.1696283300028678e-01 -1.9031041975508672e-01 -4.9418354694835229e-02  4.0201744201123812e-01 -7.6328653160856519e-02 -2.3665925727522014e-01  1.1778630727317871e-01  6.9283548214179994e-02
 -8.2114849760877382e-03 -6.9663346910835922e-02 -2.1681663809480772e-01 -2.5720912452662087e-01  3.0122843601921100e-02  2.0528137341158761e-01 -1.0111579550128988e-01 -1.1293417569013674e-01  1.8029020207275206e-01 -7.2792074247562982e-02 -8.3747366475984145e-02  1.6459387356419342e-01 -1.2990925029275707e-01  2.0039740009108756e-02  9.2931741764287992e-02 -1.5185276750249113e-01  1.3716774618327446e-01 -6.5072922303378439e-02 -2.9395971989167720e-02  1.0031600220217732e-01 -1.8188107048166535e-01  3.7498903839642264e-03 -3.9296912742632356e-01 -4.3243485963729300e-01 -2.5679140634647657e-01 -2.2492777346617272e-02  4.2563795263855153e-01 -1.4850000369056895e-01 -1.2975886309462109e-01 -2.0731540212920209e-03
  1.1928870216979434e-02  9.2082682637873392e-02  2.5086506263329128e-01  2.2603269234009837e-01 -1.1490945725381929e-01 -1.6140663237399550e-01  1.7608642794102883e-01  9.3741649430426604e-03 -1.6259231257665441e-01  1.6165401504583640e-01 -4.0383350482053403e-02 -9.6693956103882525e-02  1.6459387356419333e-01 -1.3830903427106525e-01  4.5880106971985593e-02  6.1015335737240925e-02 -1.3604890561938773e-01  1.5495341118762301e-01 -1.1842723650677951e-01  4.4536771102591570e-02  3.1226620816008251e-02 -1.4334033977039742e-01  1.2594123473248908e-02 -4.5202287436820404e-01 -3.3459782248121051e-01 -3.7155376863616890e-01  8.2983923697166923e-02  3.5363457277743759e-01 -1.2702374131963007e-01 -9.3737433158429292e-02
 -1.7329136577356935e-02 -1.2052376527087585e-01 -2.8143021535293106e-01 -1.7038877067311817e-01  1.8842164131394767e-01  7.5664602456707447e-02 -2.0431349953279548e-01  1.0710303526534511e-01  7.1235419000439851e-02 -1.7572747266728284e-01  1.5229138817175103e-01 -4.0383350482053333e-02 -8.3747366475984131e-02  1.5798870353054728e-01 -1.5785232860746110e-01  9.4795534950917720e-02 -1.0863331085857056e-03 -8.7474660509714530e-02  1.4411177932871916e-01 -1.5672573296227532e-01  1.2660699962686092e-01 -7.4896213816708676e-02 -4.0563901165753362e-02 -5.9766308683674739e-02 -4.2997913420210254e-01 -2.9774199796485662e-01 -4.6355866342678131e-01  2.1576296184408880e-01  2.0155041359815112e-01  2.0104973143831518e-02
  2.5174133765764967e-02  1.5584408031451127e-01  3.0296344704438072e-01  8.8838240442649860e-02 -2.3238821247680225e-01  3.9251624765256114e-02  1.6412170752341460e-01 -1.8969620343596177e-01  6.4985609778510756e-02  8.9639905479064891e-02 -1.7572747266728284e-01  1.6165401504583629e-01 -7.2792074247562913e-02 -4.0018254066505582e-02  1.2945900018557380e-01 -1.6792349062648962e-01  1.5072598260665662e-01 -9.0799216769904809e-02  1.0027202278878414e-02  6.8948349319717203e-02 -1.2846078139462569e-01  1.5764135391027326e-01 -1.6316106748166115e-01  9.0000912599192684e-02 -2.0910117757712235e-01 -2.8862393661072655e-01 -4.0628928376905915e-01 -4.0675537098556547e-01  2.2139897247209295e-01  1.3171240100761780e-01
 -3.6570605120897853e-02 -1.9844337922575059e-01 -3.0768096824758201e-01  1.4950609367685502e-02  2.2703458345375507e-01 -1.5444725366193604e-01 -5.3305758076076189e-02  1.8888860300991858e-01 -1.7910828742165325e-01  6.4985609778510714e-02  7.1235419000439906e-02 -1.6259231257665432e-01  1.8029020207275195e-01 -1.3098177027898655e-01  4.2230390710183960e-02  5.3136070065142108e-02 -1.2822805511347890e-01  1.6745616202180064e-01 -1.6703186062730227e-01  1.3245926395968752e-01 -7.4806615865588358e-02  7.0241298387832777e-03  5.8010157519407683e-02 -1.1983365303405630e-01  1.1343372165146549e-01 -2.9915476890629583e-01 -1.4147052763444579e-01 -5.9403104046782451e-01 -1.9901262614239082e-01  1.5427984901487108e-02
  5.3126322889704418e-02  2.4767350677560848e-01  2.8561655460560864e-01 -1.2895463432173973e-01 -1.5743190081384975e-01  2.2603401107656718e-01 -9.6476046916289332e-02 -8.0942479760370473e-02  1.8888860300991855e-01 -1.8969620343596172e-01  1.0710303526534501e-01  9.3741649430426569e-03 -1.1293417569013665e-01  1.7404785880058127e-01 -1.8320685415159746e-01  1.4672416585375184e-01 -8.0005473733553295e-02  1.1879504291444523e-03  7.3466215208531652e-02 -1.3211723634119002e-01  1.6814017511376933e-01 -1.7970519955588804e-01  1.6866077569284549e-01 -1.4011108448590798e-01  9.0609797492530134e-02 -8.4890110155937046e-02 -1.3476561772674897e-01 -2.5469947577589797e-01 -5.4359000560585224e-01 -1.8081613756835049e-01
 -7.7176906820398766e-02 -3.0080768858964541e-01 -2.2560526135203143e-01  2.2945459171624416e-01  2.4326867851463707e-02 -2.0626875026671443e-01  2.1376505145334093e-01 -9.6476046916289276e-02 -5.3305758076076237e-02  1.6412170752341457e-01 -2.0431349953279537e-01  1.7608642794102877e-01 -1.0111579550128989e-01  6.9853588455279321e-03  8.1950094440476073e-02 -1.4898952457371037e-01  1.8593815077953452e-01 -1.9183366157851001e-01  1.7076510188411329e-01 -1.2961018594796941e-01  7.6144505275020383e-02 -1.7696974492421073e-02 -3.9650408518765515e-02  9.1377588388273340e-02 -1.3543250268881038e-01  1.6147588625563478e-01 -2.2832288306892548e-01  7.3699150822082116e-02 -5.1758443837093204e-01 -2.3857072376663821e-01
  1.1211532480292941e-01  3.5129136055215399e-01  1.1822278831853954e-01 -2.7946761595235453e-01  1.4118980208360007e-01  7.0213684678873886e-02 -2.0626875026671446e-01  2.2603401107656715e-01 -1.5444725366193596e-01  3.9251624765256073e-02  7.5664602456707378e-02 -1.6140663237399541e-01  2.0528137341158756e-01 -2.0724527534656076e-01  1.7503165223031064e-01 -1.1978163914819132e-01  5.2883589586738618e-02  1.5915397057009638e-02 -7.9358144823673205e-02  1.3280436265156897e-01 -1.7393100480369331e-01  2.0223453354950921e-01 -2.1848989456727524e-01  2.2425751912796460e-01 -2.2151635091908398e-01  2.1148412958856469e-01 -2.0499234471151428e-01  1.4464240467057046e-01 -2.9467992261984616e-01 -1.6265635163883865e-01
 -1.6287056029490934e-01 -3.8583527667440443e-01  3.7470800169836574e-02  2.3332734138373667e-01 -2.6459553601900104e-01  1.4118980208360007e-01  2.4326867851463738e-02 -1.5743190081384975e-01  2.2703458345375499e-01 -2.3238821247680216e-01  1.8842164131394770e-01 -1.1490945725381933e-01  3.0122843601921152e-02  5.2025375239891467e-02 -1.2260174019722490e-01  1.7708004052491574e-01 -2.1428781433260352e-01  2.3529313206592289e-01 -2.4244302640979146e-01  2.3863084574725196e-01 -2.2679418397163861e-01  2.0960894652959375e-01 -1.8933313059331525e-01  1.6775503973281083e-01 -1.4620780978085124e-01  1.2558691188012644e-01 -1.0730090496879152e-01  8.2767928996391446e-02 -1.1120750115246278e-01 -7.0232277517653680e-02
  2.3660297517226292e-01  3.7966116053154686e-01 -2.2013465897683029e-01 -5.6635883794064694e-02  2.3332734138373665e-01 -2.7946761595235453e-01  2.2945459171624411e-01 -1.2895463432173970e-01  1.4950609367685585e-02  8.8838240442649749e-02 -1.7038877067311808e-01  2.2603269234009835e-01 -2.5720912452662081e-01  2.6794873821332982e-01 -2.6317177334092562e-01  2.4766768265558178e-01 -2.2557116219708620e-01  2.0016465425175886e-01 -1.7387510403238549e-01  1.4837199772614476e-01 -1.2470649654872398e-01  1.0345591934901792e-01 -8.4854640759990871e-02  6.8903256683500502e-02 -5.5454282468411366e-02  4.4276097695991709e-02 -3.5132584999462202e-02  2.6931281539482280e-02 -2.8317602686717219e-02 -2.0039372430242283e-02
 -3.4371446723706145e-01 -2.8882293785723151e-01  3.5970439104154472e-01 -2.2013465897683027e-01  3.7470800169836588e-02  1.1822278831853954e-01 -2.2560526135203135e-01  2.8561655460560853e-01 -3.0768096824758195e-01  3.0296344704438072e-01 -2.8143021535293106e-01  2.5086506263329128e-01 -2.1681663809480775e-01  1.8292923629548494e-01 -1.5137995521200304e-01  1.2329405237971919e-01 -9.9089152373668943e-02  7.8738214498721829e-02 -6.1958761968085647e-02  4.8342112449387888e-02 -3.7437029231012109e-02  2.8800485104990337e-02 -2.2025733471792892e-02  1.6755400231108709e-02 -1.2685173706395202e-02  9.5619702491540788e-03 -7.1791709564292755e-03  5.3364196805429460e-03 -4.7158806708861318e-03 -3.6985124300582921e-03
  4.9931593168701016e-01  3.7930116137244875e-02 -2.8882293785723151e-01  3.7966116053154686e-01 -3.8583527667440443e-01  3.5129136055215393e-01 -3.0080768858964541e-01  2.4767350677560848e-01 -1.9844337922575062e-01  1.5584408031451130e-01 -1.2052376527087588e-01  9.2082682637873420e-02 -6.9663346910835949e-02  5.2274646187765630e-02 -3.8958398790887812e-02  2.8865078882701678e-02 -2.1279147497011430e-02  1.5618043914223190e-02 -1.1418793829266714e-02  8.3200502025245534e-03 -6.0437139316057396e-03  4.3781402876216678e-03 -3.1637276428428391e-03  2.2810345763749607e-03 -1.6412490437385434e-03  1.1786976476281601e-03 -8.4504906503464461e-04  6.0488317902716469e-04 -4.6651424267180308e-04 -4.0305415469204224e-04
 -7.2535905061136785e-01  4.9931593168701016e-01 -3.4371446723706145e-01  2.3660297517226292e-01 -1.6287056029490937e-01  1.1211532480292942e-01 -7.7176906820398780e-02  5.3126322889704432e-02 -3.6570605120897867e-02  2.5174133765764974e-02 -1.7329136577356942e-02  1.1928870216979441e-02 -8.2114849760877417e-03  5.6525458225320999e-03 -3.8910470358125004e-03  2.6784828483041047e-03 -1.8437891659053639e-03  1.2692104750502494e-03 -8.7368732812044406e-04  6.0142077482304066e-04 -4.1400045158819417e-04  2.8498578880262258e-04 -1.9617587253320046e-04  1.3504172655716772e-04 -9.2958770495360426e-05  6.3990095745339299e-05 -4.4048908259840400e-05  3.0321978679413958e-05 -2.0872762285304502e-05 -1.9808394730420670e-05
-525.4767355111695
 59.530997784479524   34.76000248355072   -47.55026976486592   -45.2842162850564    -36.751749926041285   30.58592113322591   -64.31830592043121    16.196594694946498   49.32805434697232    59.48151310778857    38.68216884240607    38.73707055547658   -26.857199792969055  -32.8342183147405     10.882078537181684    5.26009781948224    55.66964378782944     8.670348283701742    2.0881048264040487  70.99962907564384   -21.41223737219473   -65.78820283848103   -38.94077311785253     3.6884616766114675  54.97044430683485    22.587451625886246  -53.24112024469617   -44.433158888651846   30.596920886512493  -43.10807023136496  
