500000
1.e-08
30
1
-100
100
 73.6267971576689    -71.31045916781122     7.313615775792201  -62.64567389637983    73.73297814032392    52.17915875203656    75.36764108157817    52.139923759106665   19.9591159257684    -67.51993739238543    38.589613765915686   49.948361379833045   12.90846516090106   -27.852927350492678   15.55088592497846   -59.7472662069473     20.489231689179803   -3.4310235005464733 -34.27351904262645   -55.75357739537797    19.194265980643763   26.383837968156882  -39.431020953780305   60.81323899597865   -30.825720408063475   -3.013601617479381   76.81969973345417    54.31039954039963    17.198419403982896   58.62490919546599  
-318.80119267787825
3.5450265875492857 3.5450265875492857 3.5450265875492857 3.5450265875492857 3.5450265875492857 3.5450265875492857 3.5450265875492857 3.5450265875492857 3.5450265875492857 3.5450265875492857 3.5450265875492857 3.5450265875492857 3.5450265875492857 3.5450265875492857 3.5450265875492857 3.5450265875492857 3.5450265875492857 3.5450265875492857 3.5450265875492857 3.5450265875492857 3.5450265875492857 3.5450265875492857 3.5450265875492857 3.5450265875492857 3.5450265875492857 3.5450265875492857 3.5450265875492857 3.5450265875492857 3.5450265875492857 3.5450265875492857
0.2 0.2
10 10 10 10
0.1
1 0 0 0 0 0 0 0 0 0 0 0 0 0 0 0 0 0 0 0 0 0 0 0 0 0 0 0 0 0
 0 1 0 0 0 0 0 0 0 0 0 0 0 0 0 0 0 0 0 0 0 0 0 0 0 0 0 0 0 0
 0 0 1 0 0 0 0 0 0 0 0 0 0 0 0 0 0 0 0 0 0 0 0 0 0 0 0 0 0 0
 0 0 0 1 0 0 0 0 0 0 0 0 0 0 0 0 0 0 0 0 0 0 0 0 0 0 0 0 0 0
 0 0 0 0 1 0 0 0 0 0 0 0 0 0 0 0 0 0 0 0 0 0 0 0 0 0 0 0 0 0
 0 0 0 0 0 1 0 0 0 0 0 0 0 0 0 0 0 0 0 0 0 0 0 0 0 0 0 0 0 0
 0 0 0 0 0 0 1 0 0 0 0 0 0 0 0 0 0 0 0 0 0 0 0 0 0 0 0 0 0 0
 0 0 0 0 0 0 0 1 0 0 0 0 0 0 0 0 0 0 0 0 0 0 0 0 0 0 0 0 0 0
 0 0 0 0 0 0 0 0 1 0 0 0 0 0 0 0 0 0 0 0 0 0 0 0 0 0 0 0 0 0
 0 0 0 0 0 0 0 0 0 1 0 0 0 0 0 0 0 0 0 0 0 0 0 0 0 0 0 0 0 0
 0 0 0 0 0 0 0 0 0 0 1 0 0 0 0 0 0 0 0 0 0 0 0 0 0 0 0 0 0 0
 0 0 0 0 0 0 0 0 0 0 0 1 0 0 0 0 0 0 0 0 0 0 0 0 0 0 0 0 0 0
 0 0 0 0 0 0 0 0 0 0 0 0 1 0 0 0 0 0 0 0 0 0 0 0 0 0 0 0 0 0
 0 0 0 0 0 0 0 0 0 0 0 0 0 1 0 0 0 0 0 0 0 0 0 0 0 0 0 0 0 0
 0 0 0 0 0 0 0 0 0 0 0 0 0 0 1 0 0 0 0 0 0 0 0 0 0 0 0 0 0 0
 0 0 0 0 0 0 0 0 0 0 0 0 0 0 0 1 0 0 0 0 0 0 0 0 0 0 0 0 0 0
 0 0 0 0 0 0 0 0 0 0 0 0 0 0 0 0 1 0 0 0 0 0 0 0 0 0 0 0 0 0
 0 0 0 0 0 0 0 0 0 0 0 0 0 0 0 0 0 1 0 0 0 0 0 0 0 0 0 0 0 0
 0 0 0 0 0 0 0 0 0 0 0 0 0 0 0 0 0 0 1 0 0 0 0 0 0 0 0 0 0 0
 0 0 0 0 0 0 0 0 0 0 0 0 0 0 0 0 0 0 0 1 0 0 0 0 0 0 0 0 0 0
 0 0 0 0 0 0 0 0 0 0 0 0 0 0 0 0 0 0 0 0 1 0 0 0 0 0 0 0 0 0
 0 0 0 0 0 0 0 0 0 0 0 0 0 0 0 0 0 0 0 0 0 1 0 0 0 0 0 0 0 0
 0 0 0 0 0 0 0 0 0 0 0 0 0 0 0 0 0 0 0 0 0 0 1 0 0 0 0 0 0 0
 0 0 0 0 0 0 0 0 0 0 0 0 0 0 0 0 0 0 0 0 0 0 0 1 0 0 0 0 0 0
 0 0 0 0 0 0 0 0 0 0 0 0 0 0 0 0 0 0 0 0 0 0 0 0 1 0 0 0 0 0
 0 0 0 0 0 0 0 0 0 0 0 0 0 0 0 0 0 0 0 0 0 0 0 0 0 1 0 0 0 0
 0 0 0 0 0 0 0 0 0 0 0 0 0 0 0 0 0 0 0 0 0 0 0 0 0 0 1 0 0 0
 0 0 0 0 0 0 0 0 0 0 0 0 0 0 0 0 0 0 0 0 0 0 0 0 0 0 0 1 0 0
 0 0 0 0 0 0 0 0 0 0 0 0 0 0 0 0 0 0 0 0 0 0 0 0 0 0 0 0 1 0
 0 0 0 0 0 0 0 0 0 0 0 0 0 0 0 0 0 0 0 0 0 0 0 0 0 0 0 0 0 1
-318.80119267787825
 73.6267971576689    -71.31045916781122     7.313615775792201  -62.64567389637983    73.73297814032392    52.17915875203656    75.36764108157817    52.139923759106665   19.9591159257684    -67.51993739238543    38.589613765915686   49.948361379833045   12.90846516090106   -27.852927350492678   15.55088592497846   -59.7472662069473     20.489231689179803   -3.4310235005464733 -34.27351904262645   -55.75357739537797    19.194265980643763   26.383837968156882  -39.431020953780305   60.81323899597865   -30.825720408063475   -3.013601617479381   76.81969973345417    54.31039954039963    17.198419403982896   58.62490919546599  
