500000
1.e-08
30
1
-100
100
 66.03611037946396  -67.84822922436896  -61.13752229497746  -76.81306747971504   73.04436179695      70.48790591638543   67.40664579600356  -71.51897781839347   62.994619798139624  77.435244360468    -60.783125456571135  73.56432865602606  -69.6807185625623    74.24738923659328   63.19311234730675   76.29428448328055  -78.03467823103104  -70.26664609717729  -60.39342348593277   66.24849187137727  -62.368889167296395 -63.396884543599725 -68.37650293700007  -69.92286083061211  -77.24063473052651  -70.60781775082533   60.52178109037286  -65.79232170835007   78.92816066711757  -60.16292521614901 
-1030.3006476397752
4.553811432254643 4.553811432254643 4.553811432254643 4.553811432254643 4.553811432254643 4.553811432254643 4.553811432254643 4.553811432254643 4.553811432254643 4.553811432254643 4.553811432254643 4.553811432254643 4.553811432254643 4.553811432254643 4.553811432254643 4.553811432254643 4.553811432254643 4.553811432254643 4.553811432254643 4.553811432254643 4.553811432254643 4.553811432254643 4.553811432254643 4.553811432254643 4.553811432254643 4.553811432254643 4.553811432254643 4.553811432254643 4.553811432254643 4.553811432254643
0.2 0.2
20 20 20 20
0.25
 8.1403021618710062e-09 -1.8084215496475232e-07 -1.7752813575804734e-06  1.9324055524530645e-06 -5.3237343284942356e-06  1.4256929220347753e-04  1.1838523816910410e-03  1.4809925346408036e-03 -4.7928401330673360e-04  3.1963275330430048e-03  3.0625118026104863e-03 -1.9657709565042555e-03  1.4129813401854527e-02  1.8709715745119478e-02 -7.1526355615919315e-02 -8.2516366840051453e-02  4.2610992858700203e-01  2.8283580734760788e-01 -2.8657035463464870e-03 -2.5443776149436121e-02  3.4364731181977437e-01 -3.1609683257698623e-01  5.4843976575690602e-02  1.8370784740753748e-01 -3.5224097887857198e-01  2.2627006002074812e-01  1.1752611852578293e-01  4.1120823461755679e-01 -3.3494540637910769e-01 -1.2027718812860647e-02
 -3.9596736516154396e-09  8.0778618539233551e-08  1.5710246419069470e-06 -3.7761631837323675e-06  2.1790235346879944e-05 -1.1566837608128157e-04 -9.4658524106209455e-04 -1.1814489508255495e-03  4.1631062856639677e-04 -1.8617677107325961e-03 -4.5159167823502825e-04 -2.9486382358702681e-03  7.2838563626643690e-03  4.4277587499953709e-03 -8.9299041396580636e-03 -7.1667561630959956e-02  5.7349531142611609e-01  1.8604843746591207e-01  3.8756949194724201e-02  9.7739317124289807e-02 -4.5026947969732484e-01  3.0578041424172370e-01 -4.4678718595419636e-03  6.9913883774856481e-02  9.5273280252916259e-02  2.0810768921534442e-01 -1.6501649814885427e-01 -2.3739427825785858e-01 -1.3739004058401427e-01  4.0512966696772645e-01
  1.3502059808068381e-08 -3.1789697353658959e-07 -1.1630452336878676e-06 -2.9245305709208615e-05  1.0235008112634117e-04  3.3394183737129002e-04  2.6599967046662685e-03  3.1905230803435914e-03 -9.9633042542203562e-04  9.2198801584214753e-03  9.4828070633990579e-03 -7.5972767984615192e-03  4.0877930530206476e-02  5.2811684054801612e-02  1.4174418384600757e-01  1.0029787611008177e-01 -2.1188388593917903e-01 -1.4095785402777100e-01  8.4110368729683610e-02  2.3583062764591146e-02  5.2229209552027422e-01  3.7335251980509299e-03 -3.4504377156492134e-02  4.5638382129841781e-02  1.5198053089850967e-02  1.0696667945567229e-01 -2.4564448642338030e-01 -4.3668917599519291e-01 -4.6862692786136201e-01  3.6652984369417002e-01
  3.0248142861147057e-08 -6.8814410246929842e-07 -5.0110908521981892e-06  1.9838685842279665e-05 -2.0592998093214094e-05  2.5923403273252281e-04  2.2573148297371746e-03  2.9048881466961977e-03 -1.0220402840564267e-03  5.3900198209947039e-03  4.7976894719841305e-03 -2.6280187669043731e-03  2.5252273335198722e-02  3.4634411361928755e-02  2.5402498420879945e-03 -3.1276269670596435e-02  1.4597846095242439e-01  1.2541707011710723e-01 -9.6925300989011642e-02  4.2290555663124257e-02  2.7103365693533060e-01  1.6869259544959866e-02  1.0975704333557306e-03 -1.8744103884221902e-01 -3.2666338611888196e-01  1.8797170984772538e-01 -5.9929248505872823e-01 -1.3610384241492998e-01  5.5599104253259490e-01 -1.0563649629695268e-01
  1.9648286840398191e-06 -4.4521281701628207e-05 -3.4380951730150912e-04  3.1102172512455718e-03 -5.9859989377695358e-03  2.9187883392544946e-03  3.8795412074029291e-02  6.1732325570256361e-02 -2.6372582737912594e-02 -1.0591921625725111e-02 -4.1065837006145030e-02  4.5951711349016433e-02  1.0269059473297638e-01  2.3544575457963721e-01 -1.9759364272722707e-01  9.2268289220674427e-03 -7.1874674745400782e-02 -1.4179837024179975e-01 -1.3706693327233210e-01 -2.2316533253693530e-01 -3.3867834894818927e-02  2.9807578795065648e-01 -1.5233413150082575e-01  2.6952189271588678e-01 -2.0875868856308344e-01 -4.5957018337154792e-01 -3.4648137943393270e-01  3.9273113479901456e-01 -6.9046127310903066e-02  2.6715085706202590e-01
 -8.5625426518029760e-07  1.9410177533359110e-05  1.4905472061494646e-04 -1.4296306706931480e-03  2.7731582058323919e-03 -5.5581293679479076e-04 -1.1355198773416382e-02 -2.0334777348439668e-02  9.4799907954846250e-03  2.2754552919345607e-02  3.4568507688686884e-02 -2.7746085131019744e-02  2.9233999141198903e-02 -3.6573439770490753e-03  2.2769908928647317e-01 -5.9010114740056289e-02  1.5844401449699627e-01  3.7227502620758141e-01 -2.6792219665667710e-01 -7.5381136009093483e-03  3.0073600415883872e-01  3.0274966243906964e-01 -5.1306575289264789e-01  5.0671824410870293e-02  2.7793472054063698e-02 -2.9525916868342222e-01  3.3044875561774462e-01 -2.0817780794307936e-01  8.7996311266482330e-02 -9.4941229815089914e-02
  5.7569154567437966e-07 -1.3065535577621529e-05 -9.8168553904711309e-05  8.4736762124720485e-04 -1.5511443066989782e-03  1.1361604737848536e-03  1.3491091040665577e-02  2.0505256448708192e-02 -8.7789835900690220e-03  2.7476414171856639e-04 -8.8241524728285940e-03  1.6923146218971376e-02  4.2181997716560428e-02  8.4644295050791740e-02  1.6166088053587285e-01  1.9985402125902343e-02 -5.9057251672110705e-02  5.3772995447822193e-02  7.3517636153792087e-02 -3.8551263694667648e-01 -3.1035365178626617e-01 -4.4288995307030260e-01 -3.1402120186853849e-01 -3.5827874180508479e-01 -3.9926201859708049e-01 -9.1030487745644886e-02  9.7754673321542848e-02 -1.6468827305448766e-01 -2.0156357131009407e-03  2.8150858619945596e-01
  2.2503960592175683e-06 -5.1051549231107144e-05 -3.8648296082398825e-04  3.3627902217951726e-03 -6.2428293911547588e-03  4.3066944883100571e-03  5.1803836738933288e-02  7.9205062384010955e-02 -3.3459538216762272e-02  7.4368774975549501e-03 -2.4356804540033548e-02  3.7438197552623058e-02  1.9223570535937590e-01  3.6289851112589688e-01  2.3482065749565678e-01  1.1070365923655616e-01  3.0669222523040762e-01 -1.1794781776660491e-01  3.1634583883593453e-01 -1.9122188564369635e-01  9.2290064575654585e-02  1.1351788120517674e-01  4.9160139123624119e-01  4.6768947732344142e-02 -1.4920653889186131e-01 -3.0985148471229185e-01  1.8208879246469439e-01 -2.3289760826545894e-01  7.9042641827084190e-02 -1.7310993354073709e-01
 -1.7863964954146697e-06  4.0415794241570250e-05  3.1808465538215306e-04 -2.8278054037701702e-03  5.5330555115575119e-03 -3.1880613747220271e-03 -3.9488514948528203e-02 -6.1272803147946357e-02  2.5630639755303847e-02  1.6575581938746099e-05  3.1262611982203668e-02 -4.6850038637183372e-02 -1.2505933176772055e-01 -2.6254787317659217e-01 -9.1605594474052005e-02  7.9548035481260382e-02  6.3321797355709031e-02 -6.0497579405219548e-02  2.7400396032153107e-01  4.3079172309957760e-02 -1.5108029548362191e-02 -3.4442150048209769e-01 -1.4324825605446032e-01  6.9397106912775974e-01 -3.6243206959751785e-02 -1.6564611442744576e-01 -9.7907488862003546e-03 -2.3044485233385056e-01  3.0701840423299492e-01  9.8642798777438895e-02
  1.1347954201897629e-06 -2.5457940631791038e-05 -2.2016959920789414e-04  1.9463236200081310e-03 -4.1729968500058175e-03  2.4882421416938427e-03  2.9035189296462750e-02  4.4199553912772679e-02 -1.7200415848997688e-02  1.5027576452723594e-02 -1.0612685467761902e-02  2.4260881034587709e-02  1.3763245926305004e-01  2.5462196459207737e-01 -7.6844237249810959e-02 -1.0215061194091478e-01 -1.2528841499266341e-01  3.7320181190206797e-03  1.9034502744653611e-02 -3.8298041095934160e-01  1.8195838144482107e-01  9.6816948230864161e-02  1.7349677073775167e-02  1.4367722143744430e-01  2.3116896140964829e-01  4.5352587206350675e-01  3.0246058539222537e-01  1.0927027801762376e-01  4.0130873775613390e-01  3.8218886753229503e-01
 -9.2581988033747686e-06  2.1742671785609369e-04  1.3695228260906887e-03 -1.4234069405509383e-02  2.5101608900816186e-02 -3.8969178188361412e-04 -5.6506249270288682e-02 -1.1868956210173927e-01  3.5590909289661118e-02  1.5129492825068962e-02  1.1600529742664152e-01 -1.0249954244031188e-01  9.1629262737748952e-03 -2.8774204458461988e-01  5.5331193745181284e-01 -3.9412285904875367e-02 -1.1097310679163404e-01 -1.7477308118646698e-01  5.1742563221878944e-02 -3.0503471916681035e-01 -1.4860106600475370e-01  3.1076629622987662e-01 -5.6123803416121575e-02  2.4826638723862926e-01 -2.5971286055601084e-01  3.1498558103336827e-01 -7.3723756542115548e-02  1.2117176380928682e-01 -9.1169600443854359e-02 -2.2071391865927509e-01
 -6.0971610164475458e-06  1.4448856582473447e-04  8.0858138945740768e-04 -8.3907381047235753e-03  1.2716088111928883e-02  2.8120601726612759e-05 -3.2395860228731616e-02 -6.8634700193004564e-02  2.1225528764135589e-02 -9.3484285872764473e-04  3.9523099395459720e-02 -2.9821455507645474e-02 -5.5764450653227951e-02 -2.0726039242532621e-01 -3.5539026017981645e-01 -4.8700050919634780e-01 -1.3335765753745313e-01  1.6860138079329633e-02 -3.6524537317695893e-01 -2.1070900952097490e-01 -2.7220082769927663e-02  8.2463851609143601e-02  3.5422340185196488e-01  8.0429113870568489e-02 -2.9502758568513621e-01 -5.7245105090634671e-02  1.4488450719896873e-01 -3.5923303432280129e-01 -7.6308935526073624e-02 -5.4253270332633424e-03
 -1.1654398968183217e-05  2.7917348986569940e-04  1.5881538551707828e-03 -1.8082410462237287e-02  3.1429801291729557e-02  8.0735349931950629e-03  1.2719835493295440e-02 -3.3651859417882735e-02 -2.3029153347099780e-02 -8.4306196933255528e-02  2.9810780672754313e-02 -3.8870770682340240e-03  8.4274187004204845e-02 -1.5899108646726903e-01  1.1574365723278579e-01 -7.6960396322419508e-02  3.5914242892529191e-01 -7.1971221863175572e-01 -3.1200545128792423e-01  2.0744682371356318e-01  1.2626381152503707e-01 -7.6384917431583446e-02 -7.8327452778966078e-02 -1.3136878768194299e-01 -5.9389506750009285e-02 -2.7274289364969562e-02  1.9092539940808539e-01  7.1367021650067836e-02  1.3250733163129802e-01  2.0294345220326132e-01
 -2.3051398026660672e-06  5.7977186565646474e-05  1.5522961769317843e-04 -1.5946653092153238e-03 -1.6549529607444837e-05 -2.7503725623773860e-03 -3.3876441116969414e-02 -5.1130255831230327e-02  2.7815672796917729e-02  2.6050690483210889e-02  1.7788855300067366e-02 -1.9871625623145657e-02 -1.4991184264256152e-01 -2.1442874165398859e-01  3.8276168124352372e-01 -1.2316450066395430e-01  1.1808802139755620e-01  1.7194017782877655e-01 -2.4254736449026681e-01 -3.1878724285293286e-01  8.1562518837285172e-02 -2.6499103319396317e-01  3.0440360706201153e-01 -4.0957362377544534e-02  4.4817521691346573e-01 -2.7389609153740652e-01 -2.4456265168207253e-01  1.4127339515603785e-01  3.8186865037559400e-02  1.7791330994607440e-01
  6.4630355695427850e-06 -2.3962230827317919e-04  4.4009731980083059e-04  9.4380220606661621e-03 -4.3800009367246401e-02  1.4380977508085731e-02  8.4933353199325448e-02  1.1938832252777404e-01 -2.8518014305747994e-02 -1.5500216458843399e-01 -2.6525211849690006e-01  9.1828687418116887e-03 -3.4076122036809847e-01  5.2235760690992103e-02 -7.8338190542198885e-02  6.3871704320447531e-01  8.1937114342731390e-02 -3.5856747330714069e-02 -4.5525796970935067e-01 -2.2967580844154836e-01 -5.4040101642686238e-02 -4.6376716341622153e-03  6.3582429427102446e-02  1.1882520046672762e-01 -3.8761522504352150e-02  1.5644107962555603e-01  4.6875446064732602e-02 -1.3624166744866942e-01 -3.5956652297429649e-02 -1.0464540975201612e-01
 -1.0114413344769208e-07  6.4245341985312511e-05 -1.7744417735440546e-04 -9.6208884937960346e-03  5.8548512594189070e-02 -1.5666860079861157e-02 -4.2207069657344012e-02 -3.1125220955928672e-02 -4.1797057293038495e-02 -4.7684577095844484e-02  1.2788024868631043e-01  1.7236665116697750e-01  3.1542518994683133e-02 -5.8642008681059632e-01 -2.9496136766630060e-01  3.1832193694626632e-01  1.1484014085931693e-01  4.3276331331672920e-02  3.0959154972910791e-01 -2.6648329207772870e-01  1.9108955686147033e-01  2.5782419790662864e-01  3.7131952484529121e-02 -2.9197052100340115e-01 -2.6067820605626530e-02 -9.6863790903579758e-02  7.7808019333874448e-02  7.9263882130144736e-02  3.3700801415562989e-02  1.2294172424971642e-01
  1.9073590869358600e-05 -2.5145822666997920e-04 -5.5619143985979501e-03  2.7324352992126801e-02  2.0333584425550954e-02 -4.4374926656473614e-02 -4.6235044871379152e-02  1.1662092774044369e-01 -7.2309156476240380e-02  2.3089958951848726e-02 -9.1245125458152290e-02  6.5403138133491479e-01  1.9256234838417355e-01  5.6566590921280566e-03 -1.0648107857900695e-01 -1.9087325475536798e-01  1.5715642198500732e-01 -1.6236723161650310e-01 -1.5325850542372734e-02 -2.6902663911158170e-01 -1.6210891764259244e-02 -1.2635406231444621e-01 -2.4135503765491581e-01  7.9759797002619828e-02  2.3613367216333525e-01  9.6005686785066324e-02 -1.6096846195441294e-01 -1.3720008065596950e-01 -1.3138748081692719e-01 -3.5055247880218660e-01
 -3.7502533564592493e-05  7.5155035641565862e-04  7.5331804517902463e-03 -6.1654808407342485e-02  7.0568686561591806e-02  5.3773966909970536e-02  8.4482343919020875e-02 -1.4290215620393248e-01 -2.8208397469421394e-02 -2.6719451986116438e-01  1.9589510112055381e-01 -5.5533045845670459e-01  5.0133724302740357e-01  1.4406074658722987e-02 -2.2178186651234033e-01  9.4639270917525317e-02  1.1285717657566542e-01 -3.2052022233315554e-02 -7.3714568773762895e-02 -2.2719882693564974e-01 -2.8925503411036967e-02 -1.3156590503458293e-01 -1.1085787722744068e-01  4.1304688233466912e-03  2.1950182814626332e-01  2.5567761543653332e-02 -1.2661823993542692e-01 -8.7827082928688210e-02 -9.6651972728653279e-02 -2.2107362336319517e-01
 -3.3772888435096732e-05  1.7004111180587240e-03 -1.7573562175329301e-02  4.3413202050026689e-02 -2.3849536162713684e-02  1.4069567963863151e-02  2.4073929329756649e-01  2.6815402971757468e-01 -1.4936726903465700e-01  3.5454670486437240e-01  3.8885635113352751e-01 -2.5435911040845172e-01 -5.1387290350188197e-01  1.2255035681481172e-01 -1.3857536196460990e-01 -1.3703081453746271e-01  1.5606452363767201e-01 -1.9142134912939643e-01  1.3264657869480725e-01 -1.9926535994662800e-01  6.6305824950955577e-02  3.2476726766961866e-02 -1.5311853205347109e-01 -8.3426637670408518e-02  9.2917076830516018e-02  1.3674450188308299e-02 -4.5500250018249561e-02 -2.4465375393510930e-02 -5.3036137754231459e-02 -1.3315309390376961e-01
  1.1514592938911304e-04 -4.2370610671995570e-03  2.2707021823977054e-02 -1.7751092401210784e-03 -3.8684515820248885e-02 -5.8069109749327809e-02 -2.9685577783071743e-01 -2.8875137996642847e-02  2.5113119870973621e-01  7.2504561641591236e-01  2.6736965002761354e-01  3.2571627049390831e-02  2.8439886026060296e-01  1.4714752914742326e-02 -5.8171874206200444e-02  2.9612991466028454e-01  4.8428568527412227e-03 -1.4092761479311050e-03 -2.3319580135105669e-01  2.6188174712641607e-02 -6.6049541580264146e-02 -6.6467835135683440e-02  6.9543766493132028e-02  4.1443317028058396e-02 -1.3915085614837081e-02  2.2079569215984658e-02  1.7182615744357574e-02 -2.3744715576679214e-02 -1.1135829427551849e-04  1.3780284061306720e-02
 -1.7328403883377298e-03  5.7623390495106223e-02 -1.9459673216337969e-01 -3.6312646820554739e-01  3.4459290047396057e-01 -4.8417795318593487e-01 -5.2084881688913398e-01 -1.9176260079808893e-02 -3.9506823322316598e-01 -7.0330513275706413e-02  5.6349527363280964e-02 -6.4923836040772495e-02 -1.2807116905987229e-01  1.2936490696936959e-01 -9.5387955791729120e-03  1.4833291333991038e-02  7.8257009376852711e-03 -7.9472094368521831e-03 -5.9087720179039271e-03 -7.9943428681388800e-03  1.3608500878553710e-03  1.9762289121693453e-05 -3.2337718195108676e-05 -5.3670311938581721e-03  1.4587940445062175e-03 -5.0132762090640938e-04  1.3277349183196223e-03 -4.6054489084463310e-04 -7.4565844911654198e-04 -1.0352088312693556e-03
 -1.7960212888583121e-04  6.2825152705321772e-03 -2.6223412453186053e-02 -5.2842244382247328e-02  1.8731368774764398e-01  1.3511640771962813e-01  3.0301376624483828e-01 -5.9414053864974081e-01 -1.8652896813114916e-01 -8.1223889229834964e-02  4.9879342200505450e-01  3.4155138138833807e-01 -9.8700117574413410e-02  1.8528478992813022e-01  2.0927005613141900e-02  1.2993818361958626e-01 -4.2449202131496659e-02  5.6472720281128208e-02 -1.0503443603464568e-01  6.3305792823968823e-02 -4.1388516536104335e-02 -3.0238511912171886e-02  5.7521610371218126e-02  4.3033885829083428e-02 -2.7413383069446060e-02  8.0004635628048854e-03  1.3592506789579130e-02 -4.3399551496270724e-03  1.1599852156833377e-02  3.3287690950646688e-02
 -2.8130516705000093e-04  4.4165256585608726e-03  8.0648575877264345e-02 -4.8042410016959286e-01  2.6531030562096408e-01  8.6239501018347181e-02  3.0178747791171417e-01  6.0444211088030964e-01  2.2675071577554336e-02 -8.1319533229741559e-02  2.5800152245229080e-01  1.1973154075187481e-01  1.7831902650181991e-01 -1.3439876278941776e-01  1.0638472962235498e-01  3.9858110872180851e-02 -1.0521119530095187e-01  1.1283671002670634e-01 -1.0843570830142582e-01  1.2898921731801696e-01 -5.9597618173427867e-02 -3.9909706868817556e-02  8.1087603314753315e-02  8.5175874741135027e-02 -4.8769098546339887e-02  1.0525337576887728e-02  1.3926476716973425e-02  3.0037471875091854e-04  2.2776485208814423e-02  5.6980449311888753e-02
 -1.8124586191779396e-04 -5.7368376178041388e-04  1.2482072552464625e-01 -5.5583487520937158e-01  1.8246710365712218e-01  1.6994763189781328e-01 -7.3116352269142523e-02 -2.4154763548113978e-01  6.1060519784843847e-01 -9.5060458373271404e-04 -1.6323572344015211e-01 -8.3330763521034801e-03 -2.3019541095637316e-01  1.3409339051086042e-01 -8.8240228797137929e-02 -6.3291504130204929e-02  9.0142296166098826e-02 -9.5091696334370937e-02  1.1937627102382337e-01 -1.1362024321187118e-01  5.6219076778644989e-02  3.9297967019485312e-02 -8.1244428066499480e-02 -7.4456505573315582e-02  4.6415188702940424e-02 -9.1418446397403350e-03 -1.6855088240341421e-02  7.9948741387907935e-05 -2.1731504475451625e-02 -5.5760922858084552e-02
  5.6268154634654189e-04 -1.9004136027086255e-02  4.2953054528574508e-02  2.4480110170144576e-01 -1.8874331343946552e-01 -5.7507406482598271e-02 -3.9400124833964795e-01  2.1633476911142957e-01  3.9459088476501475e-01 -4.7127901906543701e-01  5.2021575258837549e-01  1.0733679251410556e-01 -1.2705592648385022e-01  1.4063698443397937e-01  1.2517242088369771e-04  1.9237178834823183e-02  1.3241480758402250e-03 -4.4341217732156496e-03 -2.1115086566507124e-02  2.2468631581990398e-03 -3.5998201992040930e-03 -3.7054485364954961e-03  9.2551727305880873e-03  2.1511504412495782e-03 -3.9121618626490242e-03  2.1568619734458290e-04  3.6835979787891082e-03 -2.1070878764193544e-04  1.8785664950236956e-03  5.6388036364667365e-03
 -8.6242293804410109e-03 -9.3170586986478076e-03  3.1257853942136288e-01  4.7508932428319939e-01  7.4254223096716609e-01 -2.4358758458675320e-01  1.1149591120338084e-01  3.4140797460998490e-02  2.0897976419635300e-01  2.3841552231960779e-02 -7.5909903447402047e-02 -3.7266407610433511e-02 -2.1042552239913866e-02  1.6956510980054972e-02  4.1189616902334868e-04 -4.3004859432768997e-04 -1.3560245743880452e-04  2.1754230179370999e-04  2.6309129378848406e-05  1.7404420378000745e-05 -2.8666758082099038e-05 -4.8101215871015581e-05  5.9820123021060854e-06  2.0973474931380821e-05 -2.3531099620459663e-06  3.3477686598180677e-06 -9.4444018151331426e-06  6.4397314059405073e-08  8.3241316927756717e-07  3.1535982422667029e-07
  9.4642119210197481e-02  5.2836909776062180e-01 -7.6393585959210897e-01  1.2963674048370147e-01  1.7111197323847849e-01  4.8714465947282418e-02  1.1718331532506225e-01  4.9831955118201224e-02  2.4981109631140919e-01  3.3333030641009018e-03 -2.0880818780548420e-02  4.2874454913705553e-03  2.0848320271483801e-02 -1.7082934405270436e-02 -2.7022386033780826e-04  2.7385851230480132e-04  4.8211243386082030e-05 -8.4602635951630753e-05  1.3889636894175745e-05  2.4836341622730918e-05  9.3540477830503933e-06  3.0797123700478493e-05 -6.4687391931530679e-06  1.1772642934979153e-06 -7.8069955756998348e-07 -2.1088011776483472e-07  8.3452141915361821e-07  4.8409983711213318e-07  3.8048718026682118e-07 -1.1386093394727896e-09
 -7.9184731659496799e-02 -1.3290970811908406e-01 -8.7176199507962446e-02 -1.0818768822581776e-01 -2.8065093704215666e-01 -7.8379320707892919e-01  4.2592023465450241e-01 -9.7462057268222768e-02  2.6167467943301193e-01 -2.0808502800018114e-02  2.2822627071048811e-02  2.8451056391670400e-02  3.8980028096503992e-02 -3.1617249247234185e-02 -6.1418866240872953e-04  6.2251269987658050e-04  1.0990669700699662e-04 -1.9274718556796491e-04  3.1273387657941884e-05  5.6126000545273514e-05  2.1330890438180259e-05  6.9987388879965182e-05 -1.4673230692771714e-05  2.5266871946365031e-06 -1.7511063295735239e-06 -4.9868903750214858e-07  1.9492434877910388e-06  1.0944570175865994e-06  8.5511391882952675e-07 -4.5657403882168652e-09
 -4.7749053009475589e-01  7.6045569270440705e-01  3.9929345670095845e-01 -4.5882274400969744e-02 -1.4107584844627746e-01 -8.3071442230046116e-02  4.2557056015315106e-03 -2.9711707906517358e-02 -6.4623874427645001e-02 -5.2402619882207201e-03  1.5336215925759508e-02  5.1402139336071389e-03  2.1452807454318693e-05  3.2107545789278833e-05 -2.0630795636655078e-05  2.0657629639281596e-05  5.6191500495921809e-06 -9.6929750138132678e-06  4.0068508902812202e-07  9.0852598251423336e-07  1.2402980256057524e-06  2.6722917511994335e-06 -5.6706180332182802e-07  1.1638968901872991e-07 -6.6994343955561927e-08 -1.8925021890162150e-08  7.0635467455630481e-08  4.5999028392623392e-08  3.6676783376755502e-08 -7.8944736351005917e-10
  8.6988366107497772e-01  3.4787760805078999e-01  2.9708400398812090e-01 -4.5593442069627683e-02 -1.1326181950595107e-01 -1.2548666959558788e-01  2.8876948866400146e-02 -3.0418131421634437e-02 -3.7744222497960958e-02 -4.8694240576811721e-03  1.1937513914365145e-02  4.4299210772955145e-03  8.6119402312816455e-04 -6.5106068272223982e-04 -3.1023865245330439e-05  3.1347852817601094e-05  6.3312531036626861e-06 -1.1032647842523786e-05  1.3057557399053130e-06  2.4305905729948671e-06  1.2882006641551141e-06  3.6612738536431537e-06 -7.6869473200267598e-07  1.3132570302471113e-07 -9.0309174244415077e-08 -2.7180671177559174e-08  1.0356488382870750e-07  5.8580706829178385e-08  4.5760676147429206e-08 -5.9709937141416630e-10
-1030.3006476397752
 66.03611037946396  -67.84822922436896  -61.13752229497746  -76.81306747971504   73.04436179695      70.48790591638543   67.40664579600356  -71.51897781839347   62.994619798139624  77.435244360468    -60.783125456571135  73.56432865602606  -69.6807185625623    74.24738923659328   63.19311234730675   76.29428448328055  -78.03467823103104  -70.26664609717729  -60.39342348593277   66.24849187137727  -62.368889167296395 -63.396884543599725 -68.37650293700007  -69.92286083061211  -77.24063473052651  -70.60781775082533   60.52178109037286  -65.79232170835007   78.92816066711757  -60.16292521614901 
